dep;-5.4612127869456675;19.68201199856601;0
v1;-6.9815670026408245;-19.848299263699623;1
v2;59.7942695340363;-63.70606686705417;1
v3;-57.91933603451837;-5.0557167755813515;1
v4;30.31254397123899;9.944278524599476;1
v5;-78.93589092044058;62.89399200461631;1
v6;-11.904816897531976;0.3137109506560922;1
v7;54.97284528881976;16.52730339413334;1
v8;4.2773068142478445;5.3137690557290025;1
v9;43.682893866830895;16.204085779441616;1
v10;-50.52740435419828;76.68491087783173;1
v11;5.267248792296481;-104.62882258419118;1
v12;-32.277037391280714;15.12841444605457;1
v13;-0.7957951574697684;-32.4847997718879;1
v14;3.084940713924997;-69.10637666373474;1
v15;19.204810324378414;-40.416629344557634;1
v16;-23.37869858643777;-9.6593459911809;1
v17;34.44513444125217;26.933201902028394;1
v18;-15.79273510689378;3.687752833760139;1
v19;2.428091812976163;-81.37283364391854;1
v20;33.82753594092405;5.417532921432226;1
v21;-26.918613060406212;-62.25357442127986;1
v22;-34.910150423962946;10.274693870228774;1
v23;-36.78150559054891;10.487441188214257;1
v24;78.96659364576432;-0.6835101477285602;1
v25;54.10991923646941;43.361024484560744;1
v26;49.65073495079114;-3.901372932004323;1
v27;-11.998958435549918;11.247320247164676;1
v28;20.763327020537517;-3.4698389119358692;1
v29;4.0896433317497305;-2.4897660254349763;1
v30;70.24252400284696;33.37016791247566;1
v31;10.931931017207877;32.88939587031627;1
v32;-15.489914344310963;25.217730795894976;1
v33;-25.197587954483314;31.27180192464013;1
v34;9.590530410116845;6.856252277288412;1
v35;-23.80324031327669;32.15421870565926;1
v36;-23.5872392881132;-30.457747148238163;1
v37;-100.53958248195802;-65.23638525556166;1
v38;33.50533839711486;34.295234345390575;1
v39;15.225745220648138;34.96939467573762;1
v40;15.345542952795952;4.4881074876016065;1
v41;-18.283690252703362;-30.944660968737484;1
v42;-33.77940685707888;-28.987567950259166;1
v43;46.235836592211065;16.924011900151104;1
v44;1.394919489595044;-0.5779966017622322;1
v45;-7.531937263767989;16.91456067552733;1
v46;-37.56956381620773;0.4338867768206324;1
v47;40.43074308419652;31.238820303956622;1
v48;-1.7368800286542985;1.8172683609125408;1
v49;42.44604547957757;-39.70907246693013;1
v50;45.074951227626414;53.814694578058806;1
v51;-0.45641967639067005;-28.85160942590821;1
v52;-11.855280575988987;21.35140875350195;1
v53;-13.22171677454619;15.657139635363713;1
v54;128.3334094879559;-18.30355975640542;1
v55;-70.9418598089174;-92.23590231722243;1
v56;-4.3587786238864625;0.08479913237455125;1
v57;12.625444728718083;6.252543247779314;1
v58;-4.469689205535712;19.527948576006587;1
v59;82.69501544699155;-42.8919586271715;1
v60;-1.8898812126515638;-15.93893317018053;1
v61;-54.05194454321205;79.54945925691607;1
v62;-9.387641116810052;-0.051458771727899755;1
v63;-13.053376647512723;53.32932009949725;1
v64;30.189977951246494;-29.464390062473342;1
v65;-23.95168423463053;-6.483686412809141;1
v66;-12.433432039346608;-30.124977208526328;1
v67;-61.42780188185018;35.87582008036226;1
v68;82.2984486561278;-73.76562775879746;1
v69;-2.137826036876777;13.768856173335163;1
v70;-26.61990735260731;-4.507739915899132;1
v71;-10.058664833986393;-4.527711866577882;1
v72;-10.997466975681224;9.215161675694452;1
v73;1.2970844954059322;34.711622669381235;1
v74;-18.832197345900614;-11.268855474561665;1
v75;-34.129474820962535;95.80216312848414;1
v76;-7.649577745670684;88.31124588595873;1
v77;-61.61012257683798;20.092303933384862;1
v78;22.70280818047347;-1.6545923821665833;1
v79;-12.143366751288408;0.26104439173354627;1
v80;-23.23054565772389;10.09424340261943;1
v81;-68.86646833287782;-12.770503779688475;1
v82;-10.315978684903532;-0.3748406265473913;1
v83;-21.65905441335586;-26.0713095504171;1
v84;-37.725653879966245;-45.7896035542934;1
v85;2.95598147315805;8.900278282352348;1
v86;-14.592775157945546;-4.371054784733948;1
v87;-19.501998775603848;-43.418972531626835;1
v88;-35.8815748056754;-21.973096832491034;1
v89;7.501717129908377;48.14437630622368;1
v90;-59.0892883817616;65.62173327635247;1
v91;45.23527737598319;53.57455844238093;1
v92;-17.190797039175116;-11.130510576276373;1
v93;-64.72700818175205;-66.41333914331648;1
v94;-43.61069920620662;37.7828901204833;1
v95;3.465227847772947;-23.33942597565754;1
v96;6.8574605785312395;-38.712117176690484;1
v97;59.05042880818704;12.151210071780236;1
v98;27.205407453502104;17.467452590089778;1
v99;-49.74215468699668;-30.126611756918372;1
v100;0.8704131963626419;-2.8620099043115808;1
v101;20.400012557677105;4.641041154231098;1
v102;-62.34186645250404;-9.415886706466653;1
v103;10.657847449639165;8.151245632905958;1
v104;-68.3748361614525;-5.530768564240066;1
v105;-57.887852442139035;52.15021795942446;1
v106;-14.938800025465726;-12.699897503975423;1
v107;1.1703581833409937;-1.2148666015677243;1
v108;-8.19615963627891;3.8914579200798856;1
v109;-38.67292515423981;-17.903852706895936;1
v110;61.68571919306016;-1.280816451554961;1
v111;22.00290453897358;11.73113428466206;1
v112;-15.198528434546603;2.3223145058903922;1
v113;-26.216576305927603;37.72957878003196;1
v114;-22.511297717015204;-13.34257212691383;1
v115;-12.11095464367661;-17.46453701994813;1
v116;5.184302383176449;-8.7329248633789;1
v117;1.3501705514549205;96.04188507176995;1
v118;-0.028601714123579883;19.840437538804714;1
v119;48.53777639396549;-3.8624704100615546;1
v120;-10.135453480207572;-39.62704023481499;1
v121;2.28890577941979;25.03173442043214;1
v122;10.867344505145386;1.5083831669083587;1
v123;47.880724949262785;-38.55488485290895;1
v124;-48.75569822559244;-15.07528099028596;1
v125;8.538427397530587;-42.85407131537616;1
v126;17.84852800717533;-38.87168246492511;1
v127;-32.773425419832876;-16.587301180058326;1
v128;-2.074020422657977;1.4548360791270079;1
v129;-12.961852206437204;10.242976719267714;1
v130;-76.2286742226826;-39.114013792598364;1
v131;7.1032906265146165;-35.12225668254738;1
v132;-43.835770839797796;4.61582207892163;1
v133;-69.70857696990026;3.843602996245292;1
v134;-39.084435340440464;-23.157949866418278;1
v135;97.58369076439622;-14.59510132187642;1
v136;-20.652606585989787;-61.13858688750312;1
v137;38.50654792365618;53.6011173910711;1
v138;2.8081165324205943;1.7888120027379144;1
v139;1.1930755360534688;10.747421434154349;1
v140;-61.10967746966158;19.59458695158621;1
v141;-3.183044754067252;46.300974416154524;1
v142;81.79665771184268;-11.976300587814183;1
v143;-5.006302116359355;-0.7346584730461417;1
v144;-9.753510713315022;-3.8576822648388496;1
v145;-4.528117134465706;-1.1706705478799861;1
v146;-25.910600149905477;-48.002434576249804;1
v147;-4.931417324654045;10.764631210949265;1
v148;-43.799461958467425;38.55644985029528;1
v149;-45.5509345996441;42.1882107243134;1
v150;44.987207686645654;-26.778245969772435;1
v151;26.035166217390188;37.97924305712131;1
v152;2.3995413422965988;136.4520007083807;1
v153;8.898486624941105;-21.788282115061282;1
v154;9.70430340790946;-3.2458200254451883;1
v155;-23.85828910220041;12.893438892604072;1
v156;57.05049915544625;-2.2532390278232883;1
v157;-0.840506781024386;-0.8765956141751613;1
v158;14.685506209153367;1.5497572512248259;1
v159;-5.359567993558407;12.838749588631675;1
v160;-10.973731022003472;24.29214612871517;1
v161;-4.8463236484779255;1.4332126557614824;1
v162;48.713022910383245;0.6009842327413295;1
v163;44.01733049028359;-33.70653057623531;1
v164;6.168163702507019;13.828429058552903;1
v165;2.1433085329937356;13.997698339025659;1
v166;36.9227222546549;-45.35420434362999;1
v167;-26.466070885456176;-21.22156092411792;1
v168;-8.60484615260058;48.92075975875552;1
v169;-2.893151867101084;4.787883337002341;1
v170;10.392654584443603;27.01468833798335;1
v171;-6.149048634857654;5.760036735360157;1
v172;-7.503558884996799;0.4946316092692132;1
v173;-27.945095187237904;-0.12998148954610278;1
v174;36.945118489929214;28.56152104740689;1
v175;-27.044863767989316;-38.95034554443863;1
v176;21.011791828136186;-28.057831678391604;1
v177;3.9169887256529083;3.9364461074301773;1
v178;-1.3321205229006554;22.65184340905742;1
v179;-5.141209589376524;-15.266529873074443;1
v180;-34.075083724323186;60.18046198139799;1
v181;18.36269774608512;-48.57157956777903;1
v182;-68.00887938921475;-89.09594021750178;1
v183;-2.8147992756402718;3.4577583900753073;1
v184;-10.105275864300213;-11.807146979938066;1
v185;5.247862820104801;26.27914710715958;1
v186;22.1335273772442;-61.03170529003767;1
v187;3.208567105137154;-26.8282827773505;1
v188;-0.6450606453407004;-3.435695813614832;1
v189;5.202347202778672;-42.84765648438248;1
v190;17.016107414345516;-52.68753028115816;1
v191;18.14025615573723;-49.374571210083936;1
v192;3.919956264493666;13.706131748519597;1
v193;12.215593447434266;23.390785309533253;1
v194;-56.73266207235208;-50.476195877999885;1
v195;4.256609606291379;16.687257244296845;1
v196;34.29391604984724;54.67413179768279;1
v197;-24.507263095573265;69.79985294836273;1
v198;-2.9164160543116893;10.763645712336563;1
v199;-41.36889698540648;-57.23936331979981;1
v200;11.094491823153497;6.280171477393382;1
v201;0.019265083676725133;-31.945116567260058;1
v202;15.23306452046499;-5.753815941574299;1
v203;15.289345186358743;-21.870865821188364;1
v204;-50.1485089874392;58.836596198325836;1
v205;11.060901921707096;-5.386853621447601;1
v206;94.93994707843035;-0.9960204819766025;1
v207;-10.146805160248924;0.15845995590008582;1
v208;-0.1501684380618003;-2.278425606225309;1
v209;45.56129583912937;1.2126377758267284;1
v210;-2.7466482564357295;-24.925122174923768;1
v211;-25.789940592927387;14.028831265922753;1
v212;76.51572698181843;4.290171837893552;1
v213;-17.23249493909342;3.6888449147173477;1
v214;-32.65201706059621;37.931962310145664;1
v215;4.5221761658762745;-12.502327093808315;1
v216;-64.65207666084243;-23.5319825453567;1
v217;7.698272943313483;-21.32477650096969;1
v218;-44.780188203728365;10.48175617663355;1
v219;95.83888329188602;7.7770747827475715;1
v220;30.763693998405007;28.783485774443285;1
v221;38.801086243109474;-15.302184296231552;1
v222;-8.279147404251558;-8.840427688310536;1
v223;-61.00211205103614;-17.882255842170373;1
v224;-48.213687031174636;-24.529401248645136;1
v225;-3.960690156198421;-21.814857555035964;1
v226;25.87607472398505;-14.967730820014989;1
v227;55.685266513299865;-30.364568012072866;1
v228;4.207673822048097;5.400478706751545;1
v229;13.374271242547444;3.623601240783826;1
v230;54.63586220736421;-60.74656135689003;1
v231;-21.109970221677408;-6.36830430118567;1
v232;-126.2735686392659;-81.4705343361806;1
v233;47.451187143074854;50.603106941271726;1
v234;2.6402854297147758;-2.629579517559162;1
v235;43.03752601876476;3.899162924447415;1
v236;-58.43670027686399;-42.277172318781524;1
v237;9.88688110389236;4.485661607705478;1
v238;-72.2309542261326;-21.9412724922453;1
v239;38.5618187819279;-27.32129840396023;1
v240;4.0372354050281585;-1.8227036625126782;1
v241;-0.9281973941756955;1.2858468621503043;1
v242;-7.909249205208345;2.287043433794923;1
v243;-35.85858076464898;24.445284339751648;1
v244;0.04023501212656129;-0.22665497180207667;1
v245;0.4386212008727388;-0.3587052737641043;1
v246;-25.744675810281827;-83.96469261010535;1
v247;24.88420237230285;-21.30075058328019;1
v248;0.08778586233111518;10.49810137522281;1
v249;44.64172879493369;45.16300083129559;1