dep;23.70386875495639;34.27375929623948;0
v1;-39.39120038886461;15.990840663174296;1
v2;23.69376740300416;7.214648114140988;1
v3;17.612215348877626;-17.659472924591046;1
v4;31.770175265165772;-14.628068007395024;1
v5;-8.78203730253244;6.620908047564069;1
v6;1.576918208878223;-0.02652193492432423;1
v7;-14.049309322611386;2.9760229897676895;1
v8;-2.6585859154684797;74.60869993930373;1
v9;27.511649452928378;-22.918544996221215;1
v10;-71.67798684007963;68.94217626670866;1
v11;-44.809480738123355;47.041780159516875;1
v12;51.152108653988456;28.82478791856428;1
v13;0.1610054861429664;-2.284306020453187;1
v14;-2.3675359825003555;1.4317012137678926;1
v15;-0.24763792765926915;0.09176371985717564;1
v16;21.9223662574107;-6.310369520343915;1
v17;87.57371071578969;0.90470738815517;1
v18;-0.35824182547265976;-0.6225285833605932;1
v19;9.300831310514697;-13.67208526129627;1
v20;-45.05852487224316;-30.064579485904986;1
v21;-49.23761318859619;-0.5803170131304345;1
v22;-5.032601442978235;0.18665492916069396;1
v23;12.738742943449417;-21.72282232986452;1
v24;109.88828007819369;-5.878558599432935;1
v25;69.06298579802133;33.11271823951796;1
v26;96.14257820106556;-13.713127715608254;1
v27;-55.87504695297132;14.077341890956165;1
v28;-7.607794572011104;-1.5741565763919136;1
v29;5.767571556722076;-12.82300208530418;1
v30;-10.840036871542068;-2.724631256600156;1
v31;-75.22922918780105;29.625427063140073;1
v32;52.69685286658813;25.359728662816735;1
v33;86.46879800346879;28.27052431069588;1
v34;-10.123872116980648;-45.206264517540184;1
v35;-1.2584715299272333;-2.236908385301268;1
v36;-1.8299000552450677;-5.222359733798835;1
v37;-0.8400366294411928;-0.4108855796348697;1
v38;36.2827179079732;-48.512159012965085;1
v39;53.74642039025229;56.808736268960104;1
v40;75.53509089977793;53.927004637960614;1
v41;114.93778066665254;-47.167804723216044;1
v42;-50.867658428380736;-58.891319839213686;1
v43;-16.374623508650178;30.84939647879437;1
v44;-40.39971018535427;38.351303666381895;1
v45;22.72225144991724;-4.296573351659589;1
v46;-1.0045095718956727;-8.183259544965777;1
v47;28.239509775286045;-66.03960128906385;1
v48;-8.256224595646698;14.388800527042058;1
v49;30.616643576375537;-16.773385038598057;1
v50;-5.2411152338744795;10.573943787643927;1
v51;-25.131442358895008;2.366308125678402;1
v52;2.6222121008496955;4.409212939018743;1
v53;-7.272313905340721;-15.655275830189414;1
v54;10.260969604297404;71.07592385549073;1
v55;-0.8428740582042938;12.615842173935425;1
v56;25.453714174787716;33.74019906935454;1
v57;42.37479560380067;8.238870907663223;1
v58;-7.914964164481453;-20.101060183981424;1
v59;-30.577811730132165;-6.428881433438765;1
v60;13.091564990444397;21.953253809273303;1
v61;44.398370469228;-104.07274462413959;1
v62;14.784805277694026;3.7645382854277702;1
v63;21.950734665151156;-25.271185894835064;1
v64;-90.05842405604672;28.66109644088261;1
v65;17.89449192026703;-23.995905388832035;1
v66;-44.74912397533609;2.258554464463311;1
v67;68.74184983485766;-54.79545393122542;1
v68;-50.50146221614347;-18.834025690811718;1
v69;40.49160388826993;-9.372478866968242;1
v70;9.173488692134153;-6.31403669178289;1
v71;-17.991539908936684;7.825230884876189;1
v72;-30.7886325113902;38.407525891775975;1
v73;7.866234406384173;7.350142803075718;1
v74;-12.274738949335953;-12.59596019135747;1
v75;-27.823215218607736;-1.1745303017661586;1
v76;-0.574498902427955;9.32029941368928;1
v77;3.036280897747035;39.32493409090312;1
v78;4.805986243224242;4.78477165547047;1
v79;3.830660656150071;20.02562720644354;1
v80;13.987774276891592;-12.122437262807956;1
v81;-3.181076353340331;3.685421911293001;1
v82;1.774645361196299;-0.5602309089254128;1
v83;7.418309022254452;-9.336441527502384;1
v84;-28.055636877284815;-40.205875600447406;1
v85;13.644745222868936;82.4221049973466;1
v86;37.83928264888534;-34.71156706827895;1
v87;-10.523057009802194;9.015665002538189;1
v88;66.28413818778624;-35.92169842481105;1
v89;-38.934372491706576;5.490473361949631;1
v90;-12.761858828307922;-7.368925316408222;1
v91;20.180707945695445;-49.737649406048185;1
v92;-35.560495509847755;-4.0945100087715005;1
v93;-12.007490360028028;16.05425575079174;1
v94;-45.23591241991104;115.8693514955184;1
v95;-6.310135053264663;-1.0359602107922061;1
v96;-13.17854975460635;-12.274601702925908;1
v97;-31.66698509869052;57.59577108749708;1
v98;-3.1768768091907984;2.9478006601688165;1
v99;28.62299337323003;-12.972462625646914;1
v100;-71.02329315981784;-12.339239574037503;1
v101;-29.516883273822323;30.831177032210096;1
v102;-51.45782546308824;29.685834298683528;1
v103;-25.073580174858442;15.241395790089907;1
v104;-14.859038679859133;-17.105294699410987;1
v105;30.990554463165967;27.71604472824325;1
v106;28.85732312605635;16.36863298084509;1
v107;23.0709031521588;-54.94587373860477;1
v108;-3.0801304192260766;-4.259596865270948;1
v109;11.378923713992991;-15.712801331445796;1
v110;-55.74083911227218;-13.736006444846419;1
v111;24.75404327123696;59.336815059056036;1
v112;-7.268605656893106;4.272750991029668;1
v113;-33.534442511899755;-37.932500339293505;1
v114;-48.891774911357736;-37.094585296475984;1
v115;-28.741725715904412;15.945252228348163;1
v116;-4.388404125346265;2.3491284198470246;1
v117;-3.554901820416019;-49.338088316277876;1
v118;18.616106241006115;71.56139250556569;1
v119;-50.48048166401772;-17.390543502177003;1
v120;-38.05746101692722;22.676779445258354;1
v121;1.2800370381660764;4.930523501118243;1
v122;5.5410707598319515;13.210460786308893;1
v123;-0.578549691503316;12.35105004540881;1
v124;71.77912185983371;-8.73727354805163;1
v125;5.484694820180608;0.8965376410559852;1
v126;71.44326218975763;2.110745105729854;1
v127;-0.7873016283445673;1.8606037944779228;1
v128;-12.812207555476117;39.69443731025792;1
v129;-28.478339277090562;-28.19445905222224;1
v130;28.837981663912522;-63.4364958388448;1
v131;7.875750157460439;39.99409008038207;1
v132;-13.774656831046055;1.2326425132210912;1
v133;-20.415541659472694;15.627571864425574;1
v134;15.977238814180936;84.25647421121515;1
v135;-26.675446981531707;-31.045328164954952;1
v136;7.773625579284065;-11.260612104236323;1
v137;-16.04242967161494;43.71998269791119;1
v138;6.683810603905145;-27.889035476555627;1
v139;56.64045522367537;91.98313762503018;1
v140;16.28320551574523;110.68909608195935;1
v141;13.41599883397903;-17.984806426218412;1
v142;-62.67902268562644;27.279016550400517;1
v143;85.04394115692216;-12.08708962101553;1
v144;-11.608807558165388;2.636957547531096;1
v145;8.547024101324247;19.163178389971474;1
v146;41.77097258472414;21.171641050865937;1
v147;-1.729054945700069;-15.553878863565137;1
v148;-6.624132241289713;-5.312101309730501;1
v149;-12.199375023766333;-92.04907668270567;1
v150;21.29796251033018;22.363193907031352;1
v151;77.0103891171141;-11.320380006518521;1
v152;2.214230808663379;-125.25593631898593;1
v153;-29.753341979160844;24.810643650756962;1
v154;-9.551587775490844;-6.854913932234147;1
v155;-15.954126470813955;12.750222205641462;1
v156;50.044294554965305;-30.617512836756543;1
v157;35.96955161770482;9.871722043378718;1
v158;-47.70409843011206;10.598669321494578;1
v159;12.158399487212751;-32.48704030994665;1
v160;16.876857003763174;-5.618201424387162;1
v161;38.24831883764631;7.714862086347103;1
v162;11.792644959575131;-85.57736770351065;1
v163;-61.06497133207229;-90.6791035658384;1
v164;89.43430184244328;-62.12105020165769;1
v165;-4.294725282607685;6.237417800943587;1
v166;45.92461596790879;-37.899657449466;1
v167;31.731815428413086;37.016748276561735;1
v168;9.235164055359522;-24.076919327267092;1
v169;-8.514282708162856;13.142136762051472;1
v170;5.457937655394759;-14.716782303625788;1
v171;43.01087148946744;-34.20037715119368;1
v172;-13.369908665342885;-30.768582489968;1
v173;-44.727655261470666;-90.11610561291555;1
v174;0.1862652540713746;0.5425953152821308;1