dep;-41.93157260016188;-14.588627887754345;0
v1;48.09617995948585;-33.911360711326054;1
v2;37.36081504108315;-69.31290070132752;1
v3;-72.03577562597918;41.40064671070606;1
v4;-58.86163924760076;13.978065024875024;1
v5;-87.08876376966373;-21.055439522168488;1
v6;11.449139154301069;95.9409207952487;1
v7;-4.391997872726255;-73.425646357222;1
v8;-26.02212526497319;-3.1121690858929463;1
v9;72.53694379724317;2.418954494102532;1
v10;-2.594690579373381;-47.47647410303641;1
v11;16.963087822518304;-6.197242092547882;1
v12;5.636818425848164;30.821169299344785;1
v13;24.00191625079677;-69.98493957574038;1
v14;22.406062957368977;-29.433441870143657;1
v15;14.895094298754454;41.32499370613505;1
v16;-62.582550965932015;87.02779986125702;1
v17;58.98824029385704;20.88128225229337;1
v18;-3.784386276765549;67.03182897737878;1
v19;-30.668093362322647;-9.939302730339191;1
v20;-62.83691074108972;132.24902705543732;1
v21;30.937083799477207;-54.721676579976716;1
v22;25.827491479982083;-58.41970089300891;1
v23;5.374050342973732;-63.62143348287158;1
v24;23.282252519388948;68.21453599188769;1
v25;18.53067326291729;-9.295168982585366;1
v26;21.410599708021966;14.13007953018634;1
v27;13.689504906110614;12.550332088993406;1
v28;-44.05153047185355;-22.66798300665348;1
v29;-0.711076718904535;-1.5056462475796928;1
v30;-28.138569996831187;14.710373909129473;1
v31;13.240151944955636;-59.396666306512266;1
v32;42.275803335442106;-24.81650466017739;1
v33;-21.184513549254202;-39.09002784989182;1
v34;-56.438527659197014;45.6230368141286;1
v35;-58.38746417293065;13.964425915107823;1
v36;5.070397854742768;-7.535213574184416;1
v37;17.668517088213992;2.19207670294276;1
v38;2.1919789966087606;3.038210707175744;1
v39;9.571613607402298;-7.147378660125499;1
v40;17.036220430955876;-16.60548388300072;1
v41;6.297012930466562;-3.213199760318258;1
v42;-19.69107632274842;-21.70950490110115;1
v43;33.45014000667554;24.793653431637033;1
v44;-15.15349189181647;15.759973837552703;1
v45;78.40857263085131;-19.48680152143621;1
v46;15.920584515898906;15.547043496062827;1
v47;14.669804384177016;-8.411781082139088;1
v48;-3.5840907821492114;-27.46371462305421;1
v49;5.9125741443846955;-4.164463822111323;1
v50;35.550686245354434;-46.04995809278237;1
v51;68.54446686923166;32.56203584551706;1
v52;-53.70948772529219;-1.1524676000871084;1
v53;40.975467618931894;-15.096713669385652;1
v54;-3.8712515459089096;1.0372545580168964;1
v55;21.651035695979182;-11.362008381493942;1
v56;-23.16505385080478;61.424480156639675;1
v57;27.755323544466165;3.130354208230653;1
v58;-18.059887212644536;38.070812871112906;1
v59;-14.719809467911821;-0.8682108079167888;1
v60;9.838138183210619;15.890720925342752;1
v61;-46.0701516982933;-13.647450976864487;1
v62;-64.2280840145934;8.76909622554128;1
v63;-65.35692469464861;28.1122874403074;1
v64;1.470459778029535;-16.31558760210792;1
v65;23.795463051729026;-21.351734227975104;1
v66;25.309877548388027;44.04478936772027;1
v67;26.247177965462964;-33.020606899364715;1
v68;-16.664261646767223;6.901046261423614;1
v69;-5.448702571508581;-29.123479404467226;1
v70;8.569025543855552;-6.595184302612154;1
v71;-20.420798344990008;38.5246724271509;1
v72;-16.764699262586287;5.8515387933908665;1
v73;9.771758831118923;2.4636584297337523;1
v74;-24.63526910179738;-14.955580258699923;1
v75;-79.45791745560871;43.64246812735314;1
v76;-11.32154143008361;40.702078850352294;1
v77;28.628311334698367;-50.67544280435364;1
v78;16.742444343505262;30.00589587014262;1
v79;-10.650959389064232;39.29159846569086;1
v80;-41.27347176414984;-31.152020897338936;1
v81;-37.2461036879322;28.82048823863699;1
v82;29.452137072596226;-24.6138963004715;1
v83;-11.792971759693364;29.2616212049263;1
v84;14.99077958762233;22.675456579170923;1
v85;-10.743251976482345;-15.16406157283881;1
v86;15.273585926346191;-20.4243422791695;1
v87;5.843009815427081;-1.9872597202301518;1
v88;-0.2722619481986076;0.47747578708273386;1
v89;-6.305868052753161;-9.474277171510176;1
v90;3.508304170868822;1.3820511018446626;1
v91;-9.445588354099781;0.985294209187161;1
v92;-77.54892505572325;-4.450665050954368;1
v93;-23.942316118439287;-64.38349627221781;1
v94;-53.99421237357919;27.700755910722613;1
v95;-29.168733097698823;-26.994373824054748;1
v96;36.60112610515705;-25.197537509743665;1
v97;33.81980518715506;8.268384083644612;1
v98;-23.388250047565453;-9.204457286146145;1
v99;-16.537387789654485;-7.402108129881194;1