dep;-28.174813045073627;36.15891000309195;0
v1;-0.2353380830830651;0.18626349227942307;1
v2;-93.90817972005256;-45.66757169815642;1
v3;8.969282734448425;50.40713244697591;1
v4;54.84763546538482;-5.872659969155263;1
v5;-22.576012199822255;118.15067713108827;1
v6;0.3665420826591485;22.931360484414625;1
v7;-13.571235644820192;-56.76301391330381;1
v8;-83.31601821004122;54.743049003145494;1
v9;-46.21124098262691;106.36818300736296;1
v10;-13.241006840128756;18.71562445616732;1
v11;-14.344868327178448;-1.2026860691570338;1
v12;25.09472243427415;7.162319560788805;1
v13;28.408242806943576;-26.042806614929006;1
v14;-17.49415678310579;-13.197513053410123;1
v15;-25.1620660141946;109.70374640811148;1
v16;2.842403752629475;14.72354720519829;1
v17;2.3199404719508925;11.114160869227426;1
v18;4.617769364035158;-51.826778738662604;1
v19;-72.2217643500308;20.48427816339737;1
v20;6.899702432072302;12.921812373147798;1
v21;-6.735052639386599;-12.789673933319076;1
v22;-1.1263833475338505;1.880625142408303;1
v23;-6.732857958686956;-45.86798048808661;1
v24;1.2272788370831824;-20.75956883415205;1
v25;-21.216878832884227;19.90817693635789;1
v26;-28.29260871754322;-78.88956974373548;1
v27;-16.555073373192325;-5.970190225952827;1
v28;-17.46095808711903;-32.83835552814794;1
v29;5.472930595862659;-24.60040093301518;1
v30;-2.3107411969780935;-3.509896900227292;1
v31;-36.45633272427267;18.822366347209716;1
v32;1.7838397942962678;-3.07984075368269;1
v33;56.679362426754224;-91.68957092854369;1
v34;17.19657142038285;-65.36394124965484;1
v35;6.501309666651483;18.836094236228153;1
v36;5.7774633623522345;-44.10017342238709;1
v37;0.6855589159491376;5.754751995952818;1
v38;110.00327677784286;-63.78456861893848;1
v39;54.42335789202326;46.3563091980898;1
v40;40.51362362951548;40.9644250442567;1
v41;42.797336017542584;30.237836145163797;1
v42;-2.8177003387509707;-34.21106055936224;1
v43;46.39514958933689;-28.430907424445632;1
v44;-5.106553601150727;-22.07058844453278;1
v45;-9.360672804408466;-7.097346450361584;1
v46;-39.84734437492637;103.78642819095992;1
v47;-50.91244626409678;-30.81842205816049;1
v48;63.25103603327767;93.15226006658662;1
v49;-59.29064470990112;-2.8569039376884895;1
v50;-18.623776575410137;43.05860969711044;1
v51;10.821271020128624;3.915002132269235;1
v52;8.995982647318902;1.648583947017352;1
v53;19.385107660357622;-12.169191385167473;1
v54;-13.60541524155837;6.550826979420149;1
v55;-2.6211207242609174;-9.12723587889345;1
v56;28.89095266528817;8.20363498863486;1
v57;-3.3439616798731673;-21.172267240144784;1
v58;1.949349973503544;5.604814692771883;1
v59;13.832844465893116;53.596519129213824;1
v60;-21.73006181277472;-15.630625461421085;1
v61;-65.05639839749662;18.05542094919977;1
v62;1.4926147014550515;-5.442183825037632;1
v63;-18.23810914129979;15.658190917963669;1
v64;40.59279759243546;15.207849656261782;1
v65;19.498026289716684;24.222008716338376;1
v66;34.572988222177386;-16.621287446654467;1
v67;-4.8845190942942365;-41.694474210496;1
v68;24.51137679990497;15.24989542691124;1
v69;-6.239719559435037;37.77064617766573;1
v70;-8.766158352922806;18.17924464613569;1
v71;4.269083996700579;-17.596795357174226;1
v72;26.773409085370403;-11.823401030036997;1
v73;3.254824320013785;2.4979711033353516;1
v74;-73.85228146177;94.2135301623608;1