dep;12.935446860953524;2.606977829923848;0
v1;6.041464995890326;48.02144507476287;1
v2;19.980534118731608;-75.86204388667481;1
v3;-9.679108294259848;113.09618271009103;1
v4;1.12473823563802;-108.69004455644884;1
v5;29.15950616215726;89.56203299089667;1
v6;58.64182858446115;13.979630202584152;1
v7;20.395903539709686;13.945027615931275;1
v8;-89.34730643858143;-29.943493636906485;1
v9;81.71868952840059;-42.038786889239184;1
v10;12.921215748728105;42.24994327562477;1
v11;-33.57450976834551;35.93411507130344;1
v12;38.94384833745215;16.913735859337656;1
v13;-40.55802356261554;-26.529958753389113;1
v14;-8.167595835873673;-14.543369525355804;1
v15;29.176575471666062;-22.098386554329476;1
v16;-12.070584157832643;1.833501122360476;1
v17;61.49998663076167;-46.53377199351627;1
v18;60.8180453812028;-33.6238555776453;1
v19;-7.746398707873009;4.137457172833666;1
v20;22.65234887013252;-98.48193184330293;1
v21;-44.678327966834196;3.446580945582858;1
v22;-0.8079030358978078;-2.6047628989483838;1
v23;1.6926941092969712;-23.340141726735688;1
v24;52.74417349600969;2.909400098314766;1
v25;-2.8583301741142684;-4.60191905503855;1
v26;2.3710383999564812;-3.1121921245044333;1
v27;45.37424190159577;-87.28292736288535;1
v28;-34.97912753642459;11.243750981800954;1
v29;14.058954213972305;13.496434902221742;1
v30;66.69502715193263;-34.35559454600542;1
v31;-5.921093375250723;-0.9345036529963641;1
v32;-72.38485108098055;-52.30556936692526;1
v33;-0.04158540821677871;0.014187007040170282;1
v34;21.929340669514293;-27.83020760515974;1
v35;39.25871121003163;43.985421775056906;1
v36;-23.34877655773539;3.9179695653762656;1
v37;-41.40346127470679;-31.669562910853003;1
v38;-19.729599781240825;18.7579414821151;1
v39;-3.8173410198761104;-17.485272470305652;1
v40;28.313419730380065;-3.1817795619658686;1
v41;8.50218479304672;-16.840051450466557;1
v42;22.43536629015481;19.952974982779374;1
v43;-37.10370747175568;-59.473550576399006;1
v44;-18.963961253529476;26.743326307002462;1
v45;34.814596853880175;-47.835199653036604;1
v46;-41.80157561733863;-28.771865319760824;1
v47;0.703523173339967;18.675994721287474;1
v48;1.4806878855101016;12.140427998366006;1
v49;9.236461396026687;7.514073358204338;1
v50;0.25111935588406087;14.895675375892376;1
v51;-71.56448431547865;0.5052375653307793;1
v52;-2.342533758741278;-16.792779540914026;1
v53;-41.947151763504344;24.035374075623604;1
v54;-24.30877289992765;46.84725165236855;1
v55;38.191207360151466;-84.51267720181787;1
v56;4.729873437361273;7.055957699708178;1
v57;-53.14920866334432;80.26136893235254;1
v58;-17.161692729534607;-31.531884146288537;1
v59;13.238713042513895;-5.316981687214061;1
v60;41.83920405245127;64.88847256584941;1
v61;-10.075766181583909;-11.276498047881253;1
v62;6.463486465658351;-15.688181422758465;1
v63;-0.9478336058350356;0.030021879437519026;1
v64;-77.45959150927506;-14.231995493774633;1
v65;-3.940369911545307;-22.17173828245622;1
v66;49.041400161531065;-23.505245299591973;1
v67;2.729161352915371;30.89121182166803;1
v68;-2.246465711733577;13.94221064784635;1
v69;3.590277860127953;-13.389154838990347;1
v70;53.61942486833485;41.1941047876828;1
v71;14.134209291287243;-8.005803250167494;1
v72;47.11452604927038;-53.63100609034446;1
v73;6.061549706260231;26.88344388843456;1
v74;30.121237097617502;-25.099708913748348;1