dep;-8.371891151376467;-6.5676592606533175;0
v1;-1.4619494422652561;1.6921595283692272;1
v2;-43.381714199716626;52.38801668400468;1
v3;1.7169740555883615;-17.166906098970415;1
v4;19.178673193082183;-18.70466385546709;1
v5;13.237933743086796;-77.89951147451903;1
v6;-10.57961381107751;47.341260308925385;1
v7;-69.48143960489752;-11.67064311348314;1
v8;-65.96030364337834;9.389147700999553;1
v9;0.5982778706085617;-11.1666436815376;1
v10;-17.46005467355047;12.874235449648314;1
v11;40.58631790502599;67.02100524144615;1
v12;-14.980394782964025;66.36969712337608;1
v13;-90.48877688376753;-34.24755707853502;1
v14;27.366525933536224;2.1117079785784405;1
v15;2.0549468358307714;-1.047419002783188;1
v16;1.314591262169611;-0.9623954547576278;1
v17;-81.20289593182527;-39.019712113055874;1
v18;-5.253411923259275;-8.320525294524924;1
v19;0.14831223278043615;1.128991336106012;1
v20;-1.406238410384021;0.4381046944272425;1
v21;-4.163655648941477;-1.3782520058534493;1
v22;-53.51638630767756;7.453058991281265;1
v23;-1.2651788798784787;6.71067635412457;1
v24;40.87560393433816;-0.5475944835422152;1
v25;-3.516015045445087;17.89372361434687;1
v26;41.79948014062198;3.9870331521463416;1
v27;9.321369177311654;-2.829907862573999;1
v28;56.89180682516947;89.11042645543878;1
v29;-7.220360441795517;-41.095736797775935;1
v30;43.00149973787809;69.73419296207929;1
v31;2.494670578039388;27.144327216617967;1
v32;-23.542840124652855;0.0908663958479003;1
v33;29.962222748358514;-12.857737698338267;1
v34;17.395005715035698;-3.6919228416428385;1
v35;-41.15941553664875;-43.54234115418614;1
v36;50.67528481647622;-7.949308022271186;1
v37;18.922949949779746;0.7066923975381626;1
v38;-21.534308474394795;10.960129414138764;1
v39;79.66317534219213;-46.57114763702879;1
v40;17.176205658725614;6.341941786175581;1
v41;-8.382960993952228;-8.664934327178825;1
v42;-1.9570721871707186;4.449384375637672;1
v43;-16.44899393179355;0.4062548956430754;1
v44;-27.390183846489432;20.522200131948942;1
v45;-3.139410058170592;-3.3059871056960493;1
v46;-0.5261419602878863;-0.3802631242527667;1
v47;-28.334801653062677;-4.5367702257232665;1
v48;-5.291553670927251;-29.062342063906264;1
v49;56.5403738862106;-19.212084562504412;1
v50;-28.530723509696916;-2.508650297357121;1
v51;-15.775153757941162;0.5716358727529564;1
v52;20.90551472962386;-14.061797732749735;1
v53;60.71195885893299;4.472618039566914;1
v54;-1.2184099100535413;-38.6436733236675;1
v55;-91.85309519851839;-21.924741486324177;1
v56;-0.09657854234592664;-0.13324714890720485;1
v57;-10.059875605446837;-25.290092979378993;1
v58;-64.56318735989811;-20.350575391608412;1
v59;-5.165767296679272;-26.03690069295754;1
v60;-29.978872951500893;53.475448221016364;1
v61;2.827808225763853;13.88271755339173;1
v62;42.445437244727124;-10.662238453139235;1
v63;36.808303630354374;-28.672747519489228;1
v64;-11.078413192234775;-34.51730863496966;1
v65;-3.263242356273996;-3.1743288722596374;1
v66;9.392850877222312;-1.7645296670818347;1
v67;-37.39891942672529;5.419550673316417;1
v68;-3.43139982730055;11.51962319438983;1
v69;4.048949334784098;-11.736236868947227;1
v70;-15.224130701651038;28.704003536255456;1
v71;-18.44633333261571;-1.3964003661131716;1
v72;-0.6006044127170201;3.1613838226273954;1
v73;-48.893514625728066;-35.96610719595599;1
v74;-0.043112610786485074;-2.8075363122726604;1
v75;2.010278725298267;4.033613581714066;1
v76;-39.45805672399143;-17.45853305370015;1
v77;-3.9668263751486994;-15.072026780143128;1
v78;2.8942144404125347;-1.4168097151905898;1
v79;-37.31762038437878;-16.325195675066777;1
v80;-17.582344173923936;8.851501668932649;1
v81;-5.858288817398176;-10.266077793414714;1
v82;53.170914143525444;-4.317809988298866;1
v83;5.918441575623278;-52.90860890811346;1
v84;-49.74227560385223;3.7472671897328484;1
v85;-20.43898296214494;30.400072546340574;1
v86;-8.182505863945954;41.34600359732772;1
v87;-60.450208115541564;71.77270785390297;1
v88;-15.90881578993774;2.9084903765888583;1
v89;19.00787206369331;30.84573663812353;1
v90;-10.392470212058589;-5.397606091663415;1
v91;-52.78214547452384;-33.92875741072759;1
v92;38.18782199865363;21.915791298661098;1
v93;17.781796450701762;15.66518070259081;1
v94;3.1683768142643043;3.734198751791099;1
v95;-107.24666824694246;-47.188715917303334;1
v96;37.55204126458434;10.466694364331378;1
v97;-4.1299214880855155;7.69488442052468;1
v98;2.9693266538541323;26.809853224059285;1
v99;-17.980196003329766;9.640106698259373;1