dep;14.432793070885127;-0.5116101259031249;0
v1;-34.46321896353772;-3.7735656673069857;1
v2;80.52696926788705;-15.302628976590587;1
v3;-20.249993357055533;-17.48643262911768;1
v4;8.959147878854202;-24.653179061686526;1
v5;3.7845478170389293;-31.42283057053575;1
v6;-25.547500945765822;-48.844900694885546;1
v7;64.12160625789801;-13.397799821813077;1
v8;-177.3950313430402;-50.5323630235898;1
v9;-58.99554371727628;45.92953641298628;1
v10;7.500156677878077;-6.099600502605028;1
v11;19.534719647718266;27.865551892281903;1
v12;-4.20957348671523;54.5390068266776;1
v13;-17.987812824048486;-17.359136975709216;1
v14;-34.11705562869639;-23.440176003352097;1
v15;0.6853861729273832;0.2304422474539745;1
v16;-76.73858991420437;31.79738641103493;1
v17;-1.3924359883659807;-4.113403250281902;1
v18;-13.105473455098009;-23.854474944223938;1
v19;-11.979936161219939;12.022081573390366;1
v20;-39.33464490022585;-6.3100116717489865;1
v21;-126.00419067473574;-64.97443887968716;1
v22;-8.672448356459194;14.976713416249774;1
v23;-24.596776903079824;-37.864434696030266;1
v24;23.181998337650604;2.2439906201723865;1
v25;-43.26746058486499;-83.55292157750505;1
v26;7.478846873564597;19.28250805850374;1
v27;-8.810683248545619;27.201060536576485;1
v28;9.645999697138352;5.143446141557776;1
v29;-5.113775421420072;4.34730781536825;1
v30;-18.509693707392312;29.924891703789076;1
v31;55.100191829380165;-4.109657963255354;1
v32;-62.12596205283717;-69.96038909632546;1
v33;48.2263989155273;22.938453346067607;1
v34;-102.06208395028261;10.323078787212747;1
v35;-14.187254098282422;14.510162691116916;1
v36;6.047196245281508;17.442260633237463;1
v37;-43.1105478035691;33.04753857843669;1
v38;9.044508600942853;-2.102919125794177;1
v39;36.3165033593888;-2.8317003061925305;1
v40;-11.772518004627212;11.039342891015366;1
v41;13.563894316073426;-9.410027962265222;1
v42;-14.68908475569031;2.1348521455613034;1
v43;-22.201365000899795;2.896544646709596;1
v44;-8.398555546965696;-97.49180493240178;1
v45;84.16630792076455;13.905519410548985;1
v46;-57.843384161216655;-14.639694696096901;1
v47;-40.04640981037143;91.45101944368108;1
v48;-7.852297060373162;-8.469294361091771;1
v49;7.31315616664076;-38.52619373724084;1
v50;-0.09948663383804685;-0.24577834472711968;1
v51;23.241297880054173;-75.74043189942249;1
v52;-6.040146819971682;22.392254975287013;1
v53;3.4100311774276797;15.157170340413582;1
v54;25.2364379067529;62.03964011324954;1
v55;12.394320990421354;5.606992043116714;1
v56;22.849090778118956;12.054083324205815;1
v57;-30.91599502712281;10.718645011249585;1
v58;56.17381233134426;-21.482939592683756;1
v59;-96.57520126232379;98.92130846143779;1
v60;55.31127691727976;-28.946514361361732;1
v61;-26.561189674484133;-13.560188904007946;1
v62;30.828299036896;48.90960112111782;1
v63;3.999007430640575;-2.993189834936404;1
v64;-12.457578739874712;-26.956003138984993;1
v65;-38.25662746457885;12.732754656170638;1
v66;-1.7350053192047388;4.488317552634817;1
v67;-20.321060746560786;1.6793680995084654;1
v68;34.6682873655102;5.824566420499083;1
v69;-31.539808206242405;5.751549058390393;1
v70;64.00929091828407;10.469863896488485;1
v71;6.8886118760366495;-22.160260369003574;1
v72;-3.1607527714890473;2.042614367318672;1
v73;-0.9253790379503369;-14.96611758556516;1
v74;59.32184036058979;41.20609082671756;1
v75;27.304718057143646;13.756939485994668;1
v76;6.123919798712116;13.660189840526877;1
v77;0.5550054934316058;-0.7862071614747974;1
v78;-1.4704911877423237;3.5137646766096022;1
v79;16.725394192863188;-28.614178221074777;1
v80;-17.927825903253012;4.017151008435652;1
v81;27.284111409331828;1.1599485955926916;1
v82;-0.2610168220571069;-18.616754197856284;1
v83;-14.086540635813584;56.659968097180816;1
v84;12.11354884331233;-31.86003169310293;1
v85;38.31985483077885;-29.694332901726145;1
v86;13.490537938657052;-38.94926958429738;1
v87;3.0162954439894705;21.4405795185478;1
v88;-42.23211168684914;-27.45521166059639;1
v89;27.311589697095382;-53.55052840095771;1
v90;98.51120950791058;45.497347187796066;1
v91;-22.948277946035418;-28.16601043331484;1
v92;41.1936793557988;31.911169268011943;1
v93;48.743405482689035;0.6533103046475548;1
v94;-0.5844104782811357;-0.19786717257855402;1
v95;-5.7379025441144345;43.40208943724583;1
v96;-11.939093464846836;-4.739421119652894;1
v97;-43.958458828851796;7.747485564527945;1
v98;31.515022296532173;-40.86085630242938;1
v99;3.538906896153853;-8.067693137131503;1
v100;49.6961338711585;-13.134930762116868;1
v101;-25.982701615733387;15.435138357742;1
v102;-0.3665594467705834;-55.15129446726685;1
v103;72.01083148089772;17.612854374440843;1
v104;2.364179499905321;5.24519438340344;1
v105;39.074971112483816;24.6465970115008;1
v106;-37.35923068689632;41.32228611541129;1
v107;-59.77047638890468;-24.251337550796684;1
v108;-23.875353284035782;-26.84857986360379;1
v109;2.1888627010224875;0.29239497158617606;1
v110;6.657028350755562;47.89139405277538;1
v111;-10.625153725549698;-23.521160579580872;1
v112;77.272110695756;10.275400234638186;1
v113;-71.78912968880672;-83.33298443429116;1
v114;13.60782531934163;-16.607277239676126;1
v115;1.4895425502673258;-11.737996308811736;1
v116;8.446039561592025;-47.971174876520564;1
v117;13.330052517433979;-44.39242548746387;1
v118;117.23746864482248;-26.077763056452582;1
v119;20.75982767500537;-0.3625139781701596;1
v120;17.842577499153872;-19.952034842494157;1
v121;23.26668456409921;37.721558648487985;1
v122;0.9394277741122129;-8.079515965364001;1
v123;-81.83024988362271;-88.4129186884075;1
v124;26.015822001003347;18.907528702874988;1
v125;-13.479180013870337;37.90720535612519;1
v126;-3.483575479242817;-15.429227221438273;1
v127;43.570445956633726;-11.574226238067276;1
v128;14.263189099656982;3.7211376270275416;1
v129;-24.31344895574639;45.08349692701479;1
v130;-8.266058124053265;21.11937118014276;1
v131;4.870235725496622;6.658446185583384;1
v132;2.458136101371053;41.98355890549982;1
v133;-6.941889853850362;-2.8792148141293796;1
v134;76.3866834178425;27.175019170977183;1
v135;-22.994776715267694;-12.046186116930647;1
v136;36.53212992263922;-32.75348015262293;1
v137;-7.406456320327092;11.088267167074047;1
v138;50.913275269853315;36.49418233838077;1
v139;1.1641534594730447;-0.7430049917843742;1
v140;7.824553658014081;17.122380945042586;1
v141;-35.56902031301774;32.429772102929654;1
v142;-13.112513293514514;-80.88323761308565;1
v143;0.7882436428234059;-5.320691231960881;1
v144;4.880891957166429;68.93224800091147;1
v145;-27.98672126315057;13.569682110873023;1
v146;-78.85643613555611;19.33855537433358;1
v147;46.967334417998636;31.52764432297838;1
v148;53.71560613031903;-5.141297795692885;1
v149;44.077638601621445;96.38307444483415;1
v150;-49.571903470502626;5.519971625328926;1
v151;2.2965785977335713;62.89850663181351;1
v152;1.6009138069354323;1.2182622437785726;1
v153;34.23388989026993;8.963632164489802;1
v154;43.052415916125476;7.022226823584774;1
v155;-23.524701961054586;-27.27573350630701;1
v156;-1.697958574719482;0.7699013535591672;1
v157;-1.4575065395256726;-42.21453996294574;1
v158;-13.253153980122212;23.338989280998067;1
v159;-12.869970656480604;-24.86619827352819;1
v160;57.50808899599175;33.87500409436983;1
v161;-36.013527071146676;12.078878950987038;1
v162;-4.118543271615616;12.395197584550035;1
v163;-4.158494564452863;3.732613877902223;1
v164;59.06033622673629;22.496453305888245;1
v165;16.36991273137555;11.810599747750942;1
v166;0.0127458135805253;-2.117586574602751;1
v167;-11.147854523447927;9.35565840909977;1
v168;-10.66015830825804;-23.67961564371856;1
v169;37.58361913845585;-11.268351658445209;1
v170;7.651244706066495;15.88047872567939;1
v171;-7.796834455698141;13.863189840843004;1
v172;-78.56038733751153;7.069649593838291;1
v173;-7.180904042218351;-22.922029155418464;1
v174;-3.6753161670895187;-3.4329877280496373;1