dep;-6.590327691714943;-9.895396620011356;0
v1;-4.858029469526103;1.0055814457487229;1
v2;25.169527208057552;-8.74371546653993;1
v3;48.59949509672335;-28.53066465773028;1
v4;27.033670984661764;24.696364270529383;1
v5;9.137352977723944;1.821991990481574;1
v6;41.94955339754214;-26.572680257133705;1
v7;-10.34814823301707;4.308309658947663;1
v8;-4.371074471066216;-16.880819712558534;1
v9;15.675746400821106;0.43238684522290827;1
v10;-9.00464898213284;41.31761922444735;1
v11;24.924651995416447;-8.077107392328104;1
v12;19.154622162530785;-4.564808323202845;1
v13;-44.102232680948944;-47.35927225302604;1
v14;26.106346867667035;-6.565795144673413;1
v15;72.82677497194089;-62.55092116058853;1
v16;-49.2641458413778;-74.14032230265755;1
v17;56.11992859615621;-29.50217616902606;1
v18;-4.110304369150844;24.817741123748565;1
v19;-17.941848781728115;-38.332903852659264;1
v20;0.17597017764581416;-34.19396131582684;1
v21;15.595181884994451;-48.10162636398611;1
v22;-52.58152864402799;22.868832588683883;1
v23;29.651910183424757;-29.58798902827679;1
v24;-39.83053905760948;4.378932658029992;1
v25;-4.332020950999861;-31.87360210936898;1
v26;5.510561873715178;-26.987989432433444;1
v27;-32.57431150130803;16.354553252524763;1
v28;25.67608283055903;0.8527537125241251;1
v29;54.56521398029864;52.1080059213298;1
v30;21.705890132307946;-20.46828026628798;1
v31;1.4610234933019157;9.747244323149557;1
v32;-4.175400043325241;-3.1019722569074624;1
v33;2.6516315568023843;-55.809966492142635;1
v34;-43.512092219652644;34.192701891081086;1
v35;-14.62386395399062;-55.66891436417627;1
v36;22.252634611400293;1.5464587678173451;1
v37;3.8259949214146314;-0.5676486443937727;1
v38;13.738013219836983;11.06844646394081;1
v39;-10.181496808681796;-18.44413431096651;1
v40;0.7055539954606538;16.5661605930292;1
v41;-53.14132927667465;-0.9382320549649222;1
v42;27.901181829048276;-39.143693372872605;1
v43;-25.678221476938365;27.457342594402082;1
v44;-23.113631844862628;36.697808306215315;1
v45;-87.4544750410427;73.27764882613005;1
v46;15.606567572223614;11.081138997055932;1
v47;23.503473347085812;52.70029085982426;1
v48;55.91698779437128;-13.125941779350564;1
v49;-18.47584217709348;6.77094859886023;1
v50;8.089010796158888;2.3011223235672578;1
v51;-20.301752363051833;-6.239344409528495;1
v52;3.9413528852245174;34.451879126526954;1
v53;-3.946264702200484;-54.37594245327605;1
v54;0.6755514009307838;1.2854286232938807;1
v55;-9.518922504710856;-81.26532379134927;1
v56;7.328347612236624;67.31679030401266;1
v57;4.613332075212039;5.3624825691682005;1
v58;14.68323865683834;15.84436303095607;1
v59;46.271137113980146;-53.06176981819106;1
v60;-31.02102281825387;-54.67079409064604;1
v61;69.61928612659463;24.95469259819631;1
v62;-0.145565047236734;-1.8837490629401878;1
v63;-2.113970720252811;-15.724791978237329;1
v64;-54.27895499332799;25.138941135878504;1
v65;-34.04834744241081;-73.2109926708085;1
v66;-31.063317409849677;-34.73562579915202;1
v67;0.002707095361271819;1.7992941607635582;1
v68;-25.89138675251641;18.971216595152992;1
v69;-43.9360017675926;63.23321358207433;1
v70;-10.297649499564802;-2.2886941459585195;1
v71;-22.415539426700946;6.698227432959162;1
v72;5.515791223402164;8.183498209673811;1
v73;8.145477221756252;-0.9543896885642791;1
v74;9.11527514037344;-6.327231018377905;1