dep;-15.83832929038287;-1.1478089504156237;0
v1;-7.091074821553712;-27.921824221811576;1
v2;46.66977764523096;-6.320372065805771;1
v3;80.26044084604456;16.226564753815868;1
v4;-1.5039176903226916;50.63637489390326;1
v5;6.964527150142987;-1.0827032502170018;1
v6;41.29314529662115;-1.5256362527301945;1
v7;74.63541657420804;24.700807737332493;1
v8;-6.748134998063898;-13.625961716954622;1
v9;23.74670388559323;16.80213817897369;1
v10;21.615112426010537;-50.75472374026858;1
v11;5.7924214660816515;-23.07429647888514;1
v12;6.6994179103255505;-27.94475106633616;1
v13;-16.465484880089328;72.40567485846985;1
v14;-9.165193863905087;44.18740229322054;1
v15;-5.057752517549881;8.772084788049527;1
v16;26.729959702392303;14.24118995523111;1
v17;35.91964314339813;-4.832225141355002;1
v18;-24.921795699879254;3.246217536424306;1
v19;-25.486196478249553;61.96945091625914;1
v20;1.6743502586927346;0.8013933219951219;1
v21;-51.32630488436469;-4.771237502513735;1
v22;-91.95869226590892;5.171400136615382;1
v23;12.34639754209798;-39.55572807252489;1
v24;-40.01748278802762;-83.93679350037534;1
v25;-4.3223616744020115;-35.74093438192413;1
v26;-15.178670551481257;-43.69668199963898;1
v27;-22.790910978709082;30.96661897534147;1
v28;-86.97015450755787;26.213167914532836;1
v29;-56.68499780782142;-8.093616101196638;1
v30;-0.5818321519382889;-0.32690619078449357;1
v31;-4.222873225938745;8.537316369048416;1
v32;-14.455092099521718;-54.577856152198706;1
v33;2.303124915692643;3.6167419936262806;1
v34;26.540671834381165;-3.837866636869684;1
v35;-7.2766787080659086;36.98206527580095;1
v36;-42.685159368958736;56.48227069371689;1
v37;0.17374212885596774;0.3395497273962641;1
v38;26.627873743005836;17.498185858404238;1
v39;-3.594498615644058;-27.135293114340886;1
v40;37.53108462646535;27.90605424476427;1
v41;10.833039740107461;-24.45942121708115;1
v42;-8.832813189936415;-8.283693191380555;1
v43;-7.440476156035491;43.869904551575445;1
v44;-23.489998896801684;3.6322048746926066;1
v45;-4.918298429403262;47.189082415054536;1
v46;63.38737328042157;-34.30037090440273;1
v47;8.79130976996392;-43.3922770448437;1
v48;53.081748363700285;-4.766521515734087;1
v49;64.83294093518744;66.20081213982596;1
v50;-27.948148773033083;31.065656899042683;1
v51;-1.4661541805439653;53.45110113230602;1
v52;-4.53885610325483;36.906555314612774;1
v53;14.01028554129152;-11.84988809546872;1
v54;12.570278315469618;-23.582301599853796;1
v55;-1.1120892817730927;-2.983431804102676;1
v56;11.657520360423712;-4.700737568350597;1
v57;18.614270525166297;3.4739059987834393;1
v58;70.83160962328778;-21.655982597282833;1
v59;38.76044229787935;17.16026053824583;1
v60;8.903075425254864;-8.367886374056685;1
v61;49.16145688746425;101.98667947400664;1
v62;6.126595565379954;10.95310364437222;1
v63;7.275754354395256;-32.70888402091642;1
v64;-0.024033808469385066;0.009251066529727478;1
v65;-41.81874770128661;-40.804519610484434;1
v66;3.9738928628633956;8.28573409258368;1
v67;-60.042526452937544;-12.879244201643253;1
v68;-86.6515514682978;-57.450673798303654;1
v69;6.86098739002705;-46.83600763226607;1
v70;51.17716002482052;-34.139807589268614;1
v71;-80.74462518502632;-6.388290552320191;1
v72;28.479361816378113;-61.78130700931031;1
v73;-8.366472083047535;2.034438359188942;1
v74;-2.4602409832336214;-20.413540734746928;1