dep;-13.33560981002718;-33.25092467830576;0
v1;0.941579955217141;-0.3235325525132073;1
v2;24.22301545148063;-20.124839377916494;1
v3;-28.33825392239606;-20.291339132741367;1
v4;-68.38118579058234;-38.52204027881762;1
v5;-19.75884076713681;-2.434575952375128;1
v6;-36.671695501485665;17.95460321274016;1
v7;-77.66469026915638;18.831210764325395;1
v8;-2.59500862841441;-7.075651818833298;1
v9;10.662915913563172;17.053280919494586;1
v10;30.776669042085214;14.524945405594186;1
v11;-45.34791428925374;30.00533350241332;1
v12;-32.557670150508976;105.7652720057194;1
v13;85.65944062029268;20.597673662974813;1
v14;4.867184337405883;1.7884774079334922;1
v15;32.217341843289844;-33.76949694070613;1
v16;1.2446876696810176;-14.186690348240537;1
v17;33.270981747043265;17.53370025593265;1
v18;-12.38733270019716;3.4643913376327315;1
v19;-8.905907107315006;11.877549935017315;1
v20;-49.95468395369587;-4.242227993136541;1
v21;-44.42035249628873;5.127207007362437;1
v22;145.2705538835234;-39.25619261027133;1
v23;-54.709829040776555;45.63740877343149;1
v24;8.639024047098804;-2.4128155668709956;1
v25;2.2356221176863644;-8.104753078228098;1
v26;18.99248802239412;-40.35134956765342;1
v27;-47.64536655314384;53.980468248538074;1
v28;2.1867537424337695;-12.344388571618655;1
v29;5.98625055683955;6.753649440115885;1
v30;-92.55772071238572;-4.698777281168288;1
v31;95.33884041522535;-1.623882195993376;1
v32;-0.8000996748810878;4.170889994024506;1
v33;-8.05498595104376;-9.302994104139431;1
v34;-51.25441894587126;-10.962320738485241;1
v35;-48.24474764761162;-25.044089161642006;1
v36;-30.811271973240267;-28.48537154056207;1
v37;0.725541695581367;4.173182953132021;1
v38;114.38176284802437;-25.62701078943558;1
v39;-17.478727084500193;-19.739670630733936;1
v40;-40.69096903229566;38.23423832149506;1
v41;57.64778676101586;-31.81585318233122;1
v42;-1.6019955186584336;1.122716972543419;1
v43;-0.21890183685715914;-28.035442410334284;1
v44;5.238880778894946;2.4175165676314325;1
v45;-10.839824587181687;-9.765046931624338;1
v46;-33.284529853305415;36.263116306760715;1
v47;-60.178149107374374;-55.70923694365572;1
v48;4.446850194027429;15.254188256624749;1
v49;23.903169405785867;5.36951693793447;1
v50;26.935886164430748;-19.26831145346845;1
v51;-0.33385954835729686;2.8081891599100866;1
v52;2.583681225836707;0.22465987423664607;1
v53;-6.8952086811802555;6.044151819594318;1
v54;133.65210953999951;-47.31264271328831;1
v55;66.44970531085865;6.215795184045699;1
v56;-34.321593646862546;18.206642264117054;1
v57;-3.7395935837158456;19.517500545905925;1
v58;-19.346095962126036;-13.781371525875505;1
v59;-5.225328287178138;-2.4768534268058544;1
v60;19.993015002057483;-5.264817608236713;1
v61;-64.27362407615763;-30.535426917562;1
v62;23.896907753969895;21.509831319650207;1
v63;-28.49756332140773;26.611906008101492;1
v64;-2.530255871987723;3.2983201550340757;1
v65;67.37178425388856;21.6036175540354;1
v66;1.8266929139735566;-6.263196355112043;1
v67;36.35765822656009;25.51895842687369;1
v68;-41.012557395675856;-9.43756359413299;1
v69;1.9242379969693881;12.252829595722243;1
v70;52.65294299734249;82.13540385291883;1
v71;-21.33372031408387;8.552127639642135;1
v72;5.908759741362409;34.42702359109183;1
v73;1.0153259580943577;-5.733678862443116;1
v74;1.198055140699391;60.92928730388371;1
v75;13.594233615850635;0.8092621184475086;1
v76;8.640470782367695;10.429986831329984;1
v77;-54.53694646486572;26.673865504216565;1
v78;53.255267526844555;-26.513217079401016;1
v79;37.73446950813508;-45.897341778717774;1
v80;-2.976194761828262;-30.133121116787407;1
v81;-30.24281865176502;2.0396842701615463;1
v82;-20.54728644272093;-19.93417130066996;1
v83;-86.67739319606464;-61.01964339458468;1
v84;14.569853413400212;-30.152509374506135;1
v85;7.83016450058151;-7.772427447316699;1
v86;19.344032224314684;-21.82823115806415;1
v87;-53.36043629200984;41.764109971866574;1
v88;1.5626789457914594;-26.476168636403084;1
v89;8.376252032747006;33.01728982643565;1
v90;-61.97087379501698;51.91484207685881;1
v91;13.733437601813495;-0.9517826290471421;1
v92;24.182648053180753;32.572712329392296;1
v93;1.075526701007325;59.94554185622114;1
v94;22.64458557261433;49.3594958615558;1
v95;-4.751509340328056;-1.1246668504037551;1
v96;-6.989640162203811;-25.952219553984254;1
v97;100.85348421100853;-20.976591413936234;1
v98;60.520620032517094;-13.071859721429187;1
v99;-78.32472233710533;-58.0199666028511;1
v100;-2.1550237648182415;37.087236796863316;1
v101;-0.31207441605461284;8.469541624431455;1
v102;3.9373103479766405;16.13745400084003;1
v103;-74.07847815372705;108.25716606766852;1
v104;65.46133632175695;-16.153750759645582;1
v105;2.408634046872701;2.39567848633505;1
v106;-7.570586435685717;1.6656314570905228;1
v107;-21.045101852851058;-12.23755351539481;1
v108;-55.312827929502355;-104.63834718887522;1
v109;8.444040016611675;23.432606059891263;1
v110;11.38044768568506;15.208492261122487;1
v111;-56.44999715314028;17.653426782073787;1
v112;-0.04760825329425487;12.975621202801864;1
v113;1.247740275271799;-23.961923532371543;1
v114;-3.2781711617666955;-4.407604889432283;1
v115;-17.930576534533156;22.242995629504225;1
v116;29.09660253232637;-1.0480868312794007;1
v117;-21.057481003558383;-82.94041932678066;1
v118;-45.067978903053465;15.05776367901901;1
v119;-14.206115872730198;58.227390044976566;1
v120;-58.375587462109785;44.40137545129594;1
v121;5.3561618477041915;-0.11183059916206346;1
v122;-16.80890694525076;-10.396832784934997;1
v123;-84.36947252644393;-31.760480560395663;1
v124;-28.2067267022407;22.065371278968918;1
v125;-8.755359166175007;-18.513622898748004;1
v126;-81.11885941898583;72.92267860453158;1
v127;-14.143730186201367;-20.104929898253882;1
v128;13.429351978938474;-52.67949091970169;1
v129;76.14796210901196;-5.016983976633873;1
v130;54.29579279201284;13.128730505559883;1
v131;20.09491722122648;-7.820474268449078;1
v132;12.77226320039089;-34.77997914353071;1
v133;20.342981923079986;10.430346416323752;1
v134;17.495139463625698;1.7554785505974093;1
v135;-1.3506350874154165;4.95515427682157;1
v136;-28.166508367181002;56.75279575979389;1
v137;-0.7954232984395734;4.200248797222821;1
v138;-0.9888874307328904;23.31541832936278;1
v139;-38.394311812475756;6.0512605237972945;1
v140;7.482589663650898;18.312220019590146;1
v141;-1.473495134601529;-3.707691039305604;1
v142;-44.50800921443271;52.75074090838151;1
v143;50.73487561914517;36.260192087145676;1
v144;-52.86941229522777;42.817399973265395;1
v145;43.57920975200358;6.4522487529313395;1
v146;-11.194191253129523;29.36136025760073;1
v147;4.561722893895183;-10.367915971623411;1
v148;25.80398020868636;12.503151175057669;1
v149;38.69868017598805;21.99853399408297;1
v150;3.2058645105699535;1.5142296374614785;1
v151;-1.8326307607350785;-1.3166004162029672;1
v152;3.983669653383329;-44.76112170599817;1
v153;-13.823161444482784;3.833926877245704;1
v154;-23.107965926239793;32.80049321198891;1
v155;-14.775868341198196;-27.382587028840558;1
v156;7.615934529210126;-0.5999937008495141;1
v157;10.841497954500479;33.972199095700915;1
v158;22.8734874506647;64.72895839249256;1
v159;35.40247553078324;-31.80792411960806;1
v160;2.2828153417564008;26.399285292268527;1
v161;46.731182473454524;6.021076146003991;1
v162;28.724365377285157;-87.2152049756255;1
v163;9.69539478559796;1.4809327325323172;1
v164;0.5594945354201023;12.628394214522586;1
v165;64.18431493247799;22.235100798929935;1
v166;2.3443712343167262;2.6160326518618042;1
v167;1.9558087053314313;-3.91078858986212;1
v168;7.660240409810509;-25.896646784976483;1
v169;10.148563077583008;-29.877509438880335;1
v170;-97.47401133693762;57.072091043459125;1
v171;4.238149824694407;-45.06157151790406;1
v172;-0.2145250802548008;-7.355550048635375;1
v173;-3.0582140923584866;11.037793495881076;1
v174;1.7600489397116212;-22.27437201111805;1