dep;-17.675370077088097;-8.247628014738561;0
v1;-8.326343730930352;-0.45322532200647914;1
v2;0.0022966287997316878;2.847120147967164;1
v3;57.03663712650342;-27.496406276842713;1
v4;-51.752645575414604;13.068437452665219;1
v5;22.763781240194653;-38.7720834829246;1
v6;40.878854996836814;45.266329949879626;1
v7;9.671030257482453;-57.950266683711995;1
v8;5.735068550242459;20.600594756152997;1
v9;100.32025237568243;77.08718956117939;1
v10;2.3470844344141826;7.916701386806023;1
v11;29.55688859087933;-22.037552854723952;1
v12;15.243642233389629;-40.30302146017199;1
v13;0.5334973752183823;0.5646205211170504;1
v14;46.626588699005524;39.72029798220253;1
v15;2.5574999477626545;-5.144330863369583;1
v16;0.45362038643022234;-9.978657228616816;1
v17;-66.33242842810887;22.99807598048308;1
v18;16.947264700332106;95.19936387351622;1
v19;14.826406326311675;5.836485646981972;1
v20;27.631744421428298;-6.0698884511462134;1
v21;-10.32657567423779;4.430353138692019;1
v22;39.426371467785586;-10.785235227711734;1
v23;35.4308722835124;79.2013104138327;1
v24;-24.77372154877985;74.52412222998922;1
v25;-16.99050997769836;12.453372154829452;1
v26;-21.493425397482667;-13.625478356368395;1
v27;1.8397338176881202;24.38406510970813;1
v28;-11.832872579171104;1.722009153306209;1
v29;0.550044163648438;-0.21007184585846783;1
v30;12.76843481162889;44.03022381699093;1
v31;-31.7809619724274;67.53462982308776;1
v32;2.818659533209434;-23.647387297633284;1
v33;36.027358691157666;-34.29473856586035;1
v34;-0.4374497525438752;-1.0866002677378965;1
v35;-54.55568293728952;42.091534839641795;1
v36;-24.158255492209733;90.21077294297716;1
v37;-41.99071050148397;-16.719920789127112;1
v38;10.595276158952478;-91.97840094979689;1
v39;130.1308884233915;-57.18984030734275;1
v40;31.09837411764181;-23.982281355348228;1
v41;3.6739239271417468;20.857671381676482;1
v42;0.2567563080017457;-0.3116647638505573;1
v43;-42.1345556813645;-21.435477494118533;1
v44;-6.412938264833085;0.9744812638579532;1
v45;164.56327317176616;-37.20357127745289;1
v46;11.696133296946911;-6.091876791561732;1
v47;-2.7213517500258897;-0.44527485472618905;1
v48;41.72260043550438;20.984052472629763;1
v49;-19.047166916303482;7.934008263434392;1
v50;8.182335592371818;-4.8530261925788265;1
v51;-9.665763855592791;-40.365855017435955;1
v52;31.81503350567197;14.422724361074092;1
v53;19.36515014755064;10.929995434487207;1
v54;40.84866985997618;3.9198235009310496;1
v55;59.89123090733861;-19.004081831876217;1
v56;-105.29273770980305;64.29686720227936;1
v57;-65.09206944201294;-38.39637179082578;1
v58;18.888459005986505;6.5910960777391;1
v59;1.5777629509541415;1.9168654980948934;1
v60;-25.391689022956896;-42.181509617694296;1
v61;-1.7376622415274696;-0.4650043790820218;1
v62;59.662342462370475;-63.938872557641645;1
v63;-93.76703998262745;-34.350387069934726;1
v64;45.81927679775395;-7.429779232365329;1
v65;6.489372160625389;29.335465410322815;1
v66;-51.073136186822126;14.66620547696041;1
v67;-31.555308841581393;23.205874331374602;1
v68;-84.08201929621605;-36.70393139096279;1
v69;21.07594963183986;-52.071190869484624;1
v70;-11.211010937319323;11.482403577158822;1
v71;-3.8389402834258255;-11.839586692840019;1
v72;-5.2003821322500565;-29.183815868042586;1
v73;37.31736574086591;59.602141779467075;1
v74;-60.87850599557454;-32.14017897616169;1
v75;41.09188777545077;-45.57183974738946;1
v76;36.36864307562156;21.152144247931037;1
v77;42.49929533131694;13.466496152612065;1
v78;5.104639455694022;3.1073193643549666;1
v79;9.478432624438295;31.912533390951168;1
v80;48.78913166723157;20.111386476950553;1
v81;-52.03959030609159;24.037046892488547;1
v82;-4.681021168670485;-3.4150718800528095;1
v83;1.4353090278863798;-32.2601063324674;1
v84;-15.093800042524098;-31.455840962928676;1
v85;-10.396145296853645;1.3589846110345807;1
v86;-53.54997661268224;-36.87809095272144;1
v87;-22.860381622563157;63.62215649703316;1
v88;28.359377097007734;-21.526433775976912;1
v89;-2.6665504644062;-65.06707236282195;1
v90;-32.8958116170554;45.048577972252865;1
v91;8.887314656594402;-3.23911529736441;1
v92;3.8086067889841817;0.2979697762026244;1
v93;-23.531236489020525;22.235887663648036;1
v94;22.902283446640737;13.858809906745712;1
v95;15.891401867608211;15.029958114732356;1
v96;-13.007242318966803;-5.759621695806988;1
v97;90.57846204754439;8.4955967325403;1
v98;-27.877849433109937;11.355624660136012;1
v99;-5.580932298601345;4.18448246736417;1
v100;-32.77690393477511;7.564820641955812;1
v101;-15.849571398547518;66.45977086640396;1
v102;-10.72635416217783;-24.619583642776092;1
v103;56.729087692779245;-7.461544192231268;1
v104;30.946924131109554;-31.89480101441285;1
v105;34.09824624544767;18.364816760808512;1
v106;-53.0275464222958;-28.05720950798336;1
v107;-21.068002964528734;62.923684264389514;1
v108;-18.557067700651718;28.889320407237257;1
v109;2.5354254579115736;1.2399392215992553;1
v110;-1.0512724160615279;0.3136523339919519;1
v111;-64.30069773503443;13.944611827420076;1
v112;14.2139804328716;12.199765719273817;1
v113;-0.36284884865864886;-40.2852085963344;1
v114;39.9632660410018;-11.810458406689602;1
v115;-29.299020686079317;14.427562887088587;1
v116;1.7924003477224253;-7.9785630473047044;1
v117;-31.889054414260556;20.629531328725626;1
v118;-41.824821510349814;-61.11948487172078;1
v119;-16.70273015090238;-73.40670828563006;1
v120;2.203470774707259;-30.237005820958426;1
v121;10.097598766772434;38.20708478358582;1
v122;3.4433256536715398;36.31185320115906;1
v123;0.774196416002488;8.15756714174156;1
v124;-12.044214953233789;-12.377270662649;1
v125;45.89440014510905;-22.131414997233414;1
v126;-9.758498471683167;-23.631256786673692;1
v127;9.270688176006857;-40.411299443152174;1
v128;16.51026937022853;-32.287211809474535;1
v129;-9.439537118815645;118.06560559257255;1
v130;-0.8267632190106028;-12.133196173204176;1
v131;41.844066703074304;53.35528816125236;1
v132;25.42091691190162;22.878791005928818;1
v133;-54.82168523613092;55.4342266231184;1
v134;-5.896833564035586;24.02273561216797;1
v135;3.860934060925749;-91.00627551633328;1
v136;-2.14266021749178;-88.34520849054266;1
v137;16.94117088254939;23.420210221673344;1
v138;9.168531084026453;-6.262221690538839;1
v139;-113.6694481855401;125.54022950043176;1
v140;-27.578802312801567;54.974536405245864;1
v141;39.287382432893665;68.72117256244793;1
v142;-6.355473769852433;18.229260478511616;1
v143;2.031397519434139;3.874274880829156;1
v144;49.195621467041235;-7.1057153700983555;1
v145;15.385843531880932;-77.17590032581968;1
v146;1.2596837511619987;3.037113749985965;1
v147;-14.105912114675931;57.65094363904425;1
v148;-39.26810504372239;-20.382462084763386;1
v149;17.45123487341413;-51.64373412572957;1
v150;47.38696571480136;-30.74784924553033;1
v151;-35.311954460403854;-36.56671782441156;1
v152;13.945723711461127;-15.22485104750997;1
v153;-35.479785108891726;47.686211447499005;1
v154;13.340533377035213;-1.155869621657048;1
v155;-14.8713235591001;-15.165874529958042;1
v156;-36.5421733816092;-54.17408302470523;1
v157;-3.1847300104460587;7.016217362586838;1
v158;11.103649800079385;-20.323240119650503;1
v159;-32.891994104455186;-2.8546526904721334;1
v160;20.10956371517524;-29.720580009161647;1
v161;3.7482063683411186;-1.2653431210104003;1
v162;-31.855706248105914;14.915275120462182;1
v163;-12.51457171884832;-44.57314186279803;1
v164;50.72535335102769;14.409258351864745;1
v165;25.444773897472015;16.21241608001151;1
v166;36.69023414232514;55.28098650774303;1
v167;-78.48306028962546;-49.181152684724616;1
v168;-59.31683007915862;3.5564773368827187;1
v169;-80.17285241747994;-54.33486692083055;1
v170;-25.67594962940586;3.271394281160499;1
v171;-2.9984501208957597;9.358955805093407;1
v172;-24.970820345056907;-59.98602302544769;1
v173;46.01676332979813;3.41976137199147;1
v174;-44.99400806016576;13.152510633775778;1
v175;4.443633843854812;-16.992963479170832;1
v176;-31.682402839060007;-31.75146232720529;1
v177;19.316772500685996;5.713901649041605;1
v178;11.369500039325109;-23.393893187311956;1
v179;-0.46464625469316934;-34.92054587971805;1
v180;15.56219596457119;-12.973730504436595;1
v181;-15.132682445349825;11.100090670335208;1
v182;28.129821318538944;-8.770711979854365;1
v183;-1.1525578462662758;36.31632136720228;1
v184;0.5599882716657096;0.8135903874305414;1
v185;-32.43730179399876;0.4634202138996209;1
v186;-11.853636973392852;3.454163178872467;1
v187;-0.6583030454016978;12.698908780145745;1
v188;-40.73336651452762;-14.592352265153293;1
v189;-29.454666880767405;-8.878711722024086;1
v190;139.4220929108236;-4.25399258940463;1
v191;4.215992780692973;10.00419283361218;1
v192;26.872951671385366;-9.909411080019341;1
v193;-0.4836211969704792;-119.96163542138115;1
v194;-61.764170885158;87.57405122619761;1
v195;3.932905138177557;3.957064063723023;1
v196;-5.690024600308822;32.08608102431917;1
v197;20.80525688139959;1.9518581556695753;1
v198;1.164008885795267;-50.972489928522684;1
v199;-9.262221995791299;-16.657082491852464;1
v200;-1.3888193077348636;-1.9260249334791955;1
v201;-25.648750442373473;5.803014540459269;1
v202;6.400071958789578;-12.333056342535405;1
v203;13.307225676756415;-97.2436513256808;1
v204;34.54772168562323;-49.426414286114756;1
v205;-23.459606057055357;-12.110541072722237;1
v206;47.513164123599665;-57.56266362498492;1
v207;20.81913009378441;24.843714795992792;1
v208;-3.386807845764485;-5.160456019305892;1
v209;-50.31440282207774;60.27043161955869;1
v210;-6.654391469285953;13.52881292354751;1
v211;46.57123512378042;-32.94042639870507;1
v212;-17.01541645428028;14.462968480866733;1
v213;41.943914978900814;17.4147289149461;1
v214;77.28065611450194;-27.789057286387525;1
v215;-33.455931048924995;12.312797408462838;1
v216;22.093939633307368;-88.7396433288373;1
v217;-28.584027305152524;-8.210585315551482;1
v218;-23.585920166853505;-29.040147293641212;1
v219;58.227294246545334;28.54761432478575;1
v220;68.51325252194894;-3.884206219954835;1
v221;-0.7438839074578313;-9.886568159203017;1
v222;11.439316831455036;-29.65756721972345;1
v223;2.4220365705215254;-2.4915543819668975;1
v224;57.32160372282586;-20.062723656541657;1
v225;27.17327051837643;6.06061819363528;1
v226;-63.447198558943235;-44.40021624600293;1
v227;-41.847083978640335;26.75509598530187;1
v228;12.122737044314558;23.510413136624805;1
v229;-1.5499621605119795;-0.02684194757557555;1
v230;-0.11828761739769555;11.649252666270606;1
v231;24.956090100088332;-35.620236567187575;1
v232;-83.87597406933942;-61.30797491164186;1
v233;5.224291706081846;64.14328680583674;1
v234;10.19711616328083;-12.258598492043104;1
v235;1.6946079827708689;-1.7519716254814908;1
v236;43.807601148026784;22.008312316426935;1
v237;-72.01121674216101;-11.028035719922718;1
v238;-40.54842123694895;43.59156877856576;1
v239;24.555611758163113;34.83265378642014;1
v240;34.13148477002848;35.159502503875615;1
v241;55.49272739269058;-48.10004127788512;1
v242;-20.116615880347652;8.72122455618583;1
v243;-69.49828778960514;-43.226502397523944;1
v244;12.819096680312207;35.472755500669905;1
v245;-126.33584933196074;66.86423164981127;1
v246;9.850742822239885;-27.559735504861695;1
v247;8.620280563059424;21.924314355172353;1
v248;-20.837318726340825;6.486453280609969;1
v249;-8.59598085572215;45.722579846400464;1