dep;22.207531655965333;11.270621959631216;0
v1;-4.6381164652551625;1.176576479208467;1
v2;27.559895583599758;6.858489933300268;1
v3;-12.923492834179907;0.8367765514879805;1
v4;28.080480388820657;3.2186994940174447;1
v5;-16.76040444463996;7.082300411416377;1
v6;4.4022277951709645;0.6203923638137363;1
v7;-42.23117576326822;55.738687213484454;1
v8;40.22511285778449;-3.5577697599775897;1
v9;-17.2340750730688;-6.632250787169452;1
v10;4.073559294150392;2.391646533215413;1
v11;-29.834347178342636;-30.76940938732227;1
v12;-71.48141658114724;-66.57285521340427;1
v13;11.926253562962447;5.254572039963824;1
v14;7.989245165232488;2.4015851477295724;1
v15;36.45530041836399;9.042902414775499;1
v16;7.035114148565612;-7.967691228845832;1
v17;42.92476872874152;-9.296958446991297;1
v18;62.05906366453287;-56.33932053143802;1
v19;-3.594887658316536;18.47982185668628;1
v20;76.35717926773356;-114.69175460694879;1
v21;1.191406472338785;34.35278409898279;1
v22;76.60505156078426;47.48119252781565;1
v23;-7.626733374966899;-3.4148247769632163;1
v24;-10.947204622608952;-9.43246309854195;1
v25;33.710272111912474;33.414927309404845;1
v26;-24.945661573693116;12.009901969029503;1
v27;89.72807394498663;-2.497685476093221;1
v28;40.14267221227292;20.907202353156542;1
v29;14.48592643760638;-19.694440872845593;1
v30;-8.125422896289404;-9.216507454163695;1
v31;-2.5930354639912303;-1.5668934477259218;1
v32;12.125345635083836;1.5553930023554838;1
v33;47.97975821180446;34.7937119144281;1
v34;7.597851944655583;-6.390925446178595;1
v35;-4.729413277572084;-11.792234482077948;1
v36;34.776780624494194;-57.43980187448721;1
v37;0.22419485234094622;31.780939089227704;1
v38;0.40068423462098857;-14.403943607721256;1
v39;-83.03896554583484;-66.82352771980653;1
v40;-1.5116676094546648;-54.041000144612354;1
v41;6.108096561015354;9.10889618560442;1
v42;-40.77317520121437;-81.6227092439941;1
v43;-2.4002420150051518;-0.29791575781518587;1
v44;20.7330704979995;-26.45516480519423;1
v45;-22.601645782361015;-19.352100699296535;1
v46;-36.504382328270864;12.17818383179334;1
v47;-6.631016125781073;-8.933115158099534;1
v48;-2.759936054258451;5.999202582525093;1
v49;-25.328108176239702;-20.999427653939687;1
v50;1.3180908275900107;18.20968250669905;1
v51;6.167938082872384;4.093521175918732;1
v52;-29.895057335022546;34.82750657477765;1
v53;63.697352893939815;-45.57393080398059;1
v54;8.651437063478166;-7.4191068771865645;1
v55;-37.61082568940392;53.11912359414346;1
v56;61.16286902042731;63.363078879538925;1
v57;-5.259821605322641;-14.059213398123541;1
v58;1.8835443294308225;-2.6751678131609387;1
v59;-29.48442925184137;23.81482881055161;1
v60;0.6701893061993084;25.681260353926792;1
v61;7.044911933336892;12.178702021198498;1
v62;27.02876497262622;32.63033070405254;1
v63;-15.593853725365095;-1.6906047770758832;1
v64;-90.7064054175832;6.017993457429919;1
v65;-43.04761868821355;24.275872021323384;1
v66;5.2115163096671235;-21.350620757718865;1
v67;4.4036970399305435;7.674879546341669;1
v68;-85.0924892873789;-28.526895962704273;1
v69;-93.33688396764016;102.8636575946514;1
v70;6.583026349709408;94.8348823022297;1
v71;8.442812710744612;-0.5812304531970834;1
v72;-7.712522281986257;11.952237202073915;1
v73;-0.884487289656642;-10.925692618892723;1
v74;-35.28884492981276;61.82048060120595;1