dep;-18.860397930202666;16.294379491708774;0
v1;-12.264296206916093;12.03058886558001;1
v2;39.94879101951583;-20.770037393411886;1
v3;-7.805416034915627;-1.7427819573416992;1
v4;44.85487604832686;6.735775090954181;1
v5;-43.013894580343326;17.891875310950198;1
v6;41.00589232051212;-27.869553233517323;1
v7;13.720265329842864;64.24730178301728;1
v8;12.361199860072904;25.335249670833452;1
v9;-7.938799249138239;-65.2234416305646;1
v10;41.66029877326731;-80.36933107937782;1
v11;19.12165067883804;7.625395923773293;1
v12;4.457814835245335;-9.482096660029217;1
v13;-27.499516775564796;46.3057709605456;1
v14;-26.685816337736405;-39.50585241493602;1
v15;29.72693380938504;50.28269968656551;1
v16;2.980030207802005;4.055228884382728;1
v17;18.17254948704389;9.740971094766046;1
v18;-7.031824274687519;-2.1432933666034115;1
v19;0.20667081888236058;-8.903420056082764;1
v20;-24.110144480256007;-10.712378752965904;1
v21;12.356316348328527;48.053795728685984;1
v22;-0.7264447114834176;0.08247089857815072;1
v23;7.762471143931909;-6.544867024144949;1
v24;0.6525120947787688;4.095635242738461;1
v25;42.029504707695615;9.558254783828911;1
v26;-62.58784804083668;-31.38188170381931;1
v27;-17.440812989773445;-77.56208688181218;1
v28;15.008666511855408;17.320030953750543;1
v29;-7.666654598334789;-38.378522111809055;1
v30;-20.86800839867839;-54.98640165658497;1
v31;-7.4833579811111886;2.6021130918886444;1
v32;7.816709005621556;-9.751106452808328;1
v33;15.261758207568949;29.47188013157865;1
v34;-7.6826815163397;8.964871149305504;1
v35;1.2354086761007157;-26.82905215236336;1
v36;-1.7332661754433882;-0.13164175655308719;1
v37;-56.561109660900726;-41.82841838756622;1
v38;6.136641531720116;-11.489148241661036;1
v39;-21.366638163499363;-45.51078153041133;1
v40;-27.639331980184394;10.150622902344805;1
v41;-10.670643541377274;1.0145241425243519;1
v42;72.67768684420588;-52.79046981912191;1
v43;34.862336335859155;-1.2369913808107742;1
v44;-46.281236459043726;-17.71147072949622;1
v45;28.966997310167397;14.955454278916541;1
v46;55.12433872642936;13.91329095725793;1
v47;13.255776639087674;-2.2467041556160305;1
v48;12.101620238660209;-7.3098828887921155;1
v49;-40.39095939043837;24.408441838154193;1
v50;-111.12944243968556;7.071948188002325;1
v51;20.57132165657683;-51.691103466611075;1
v52;-23.601135672379353;-10.960925080842223;1
v53;-19.22258114459544;-27.541391663679974;1
v54;32.84332859551979;-15.042233738302926;1
v55;9.96764815172913;-29.845403646516125;1
v56;-5.223122885912639;-5.8528824144217335;1
v57;4.148649946902606;-8.08529703365648;1
v58;49.60305174442227;26.61382618823033;1
v59;50.13064336242958;10.552456607285823;1
v60;26.396116990489176;-9.916502787015848;1
v61;9.87602979126825;31.112763764036032;1
v62;42.82804206208616;-8.523969537178916;1
v63;-6.345785016091363;1.0440866623189915;1
v64;-5.945852846225692;-0.8976744828778227;1
v65;-3.1326866664937634;-0.9968437434241016;1
v66;18.766138451109786;3.1802283499217796;1
v67;2.6212482711297524;34.47383932060733;1
v68;8.089566743117915;-4.025624363342906;1
v69;-53.6948078661527;-12.678475720945883;1
v70;-20.647139186713563;9.147425341289855;1
v71;7.980924631357015;1.06955635504401;1
v72;-40.09069753469381;44.015881111744264;1
v73;-12.333940864438995;-0.23382006807102476;1
v74;3.5308768571415263;-5.755367347992444;1
v75;13.7418214386516;40.2829322538025;1
v76;0.8357194678789127;-14.108018030146038;1
v77;-32.09775009238244;-5.157348209202405;1
v78;2.1187492685844167;-36.576782610573204;1
v79;25.639567437700318;7.126553422395779;1
v80;-16.002016764954593;15.818126658439699;1
v81;10.570748911234041;41.34327913874924;1
v82;45.55863035808035;-70.47152289935148;1
v83;2.2044986215526308;-24.38264064138869;1
v84;38.910144235468145;6.911772611899164;1
v85;18.496244951482623;-36.55384939693428;1
v86;-19.304643906115416;-7.435488836790268;1
v87;-28.873289849061784;-11.564428294223555;1
v88;-37.36625854093019;-1.3591849074030071;1
v89;-2.405028987700831;-22.330817504656235;1
v90;129.5122444625641;-49.41302403086231;1
v91;83.17599416191959;0.8116872371295089;1
v92;-1.6914577644623925;-0.4719465877016932;1
v93;12.523813582904625;9.906729548942646;1
v94;-52.16683852786736;-18.74826743972436;1
v95;13.409436047822048;8.837643095400036;1
v96;-94.45040186302394;-16.772071926666687;1
v97;3.006966598282231;-1.754682301289776;1
v98;13.501138371665382;6.322576703183509;1
v99;-4.473537951739712;2.325093759957316;1
v100;1.731023296757075;-6.362542176957371;1
v101;4.599740428469031;-6.930190098970103;1
v102;-17.364359237956307;6.472783149644461;1
v103;-34.82329542082182;-25.427363660804847;1
v104;-8.359361058710842;4.303444484169981;1
v105;-22.878895883140014;20.66125046627985;1
v106;-44.754857986412205;34.12793098617123;1
v107;21.62984133727592;-2.9453097201926397;1
v108;-27.94061271844786;-0.36215227058287125;1
v109;4.750309214662581;-0.2884666917245101;1
v110;19.40186500542363;18.9434939258954;1
v111;23.27533894928216;-9.818631846732691;1
v112;0.7358890743246163;-0.6258954913203751;1
v113;-42.53621815049841;40.795179220225585;1
v114;20.363393661066265;-1.0872637304479145;1
v115;17.142138148621946;37.3030795852063;1
v116;-14.940005647757346;12.503854540917025;1
v117;-8.252300937919399;13.143160845998818;1
v118;-26.22476713913952;77.86713583014871;1
v119;-3.108042087778335;0.690685658249031;1
v120;-26.44633762460437;9.99467248999799;1
v121;-36.749106677347804;-5.166072481999569;1
v122;44.38987433498661;-12.5537247961239;1
v123;-44.78780713285381;-46.344890154793944;1
v124;32.629060725963996;31.596647435659783;1
v125;2.9254977799379955;0.5124562418501539;1
v126;-13.62881166612282;14.572633065981787;1
v127;35.62679651188311;-40.41068804789481;1
v128;31.457417014846673;36.328278988155795;1
v129;31.360183597000866;26.273009916113583;1
v130;-47.30582492347115;8.78400361601714;1
v131;10.734892397164742;-10.799568972154553;1
v132;8.82428867684682;-34.35098413339472;1
v133;40.81994773491276;-36.74451070952334;1
v134;-45.975583597338016;76.30398930671609;1
v135;0.27460453202002566;-8.00221161638495;1
v136;22.407376135062997;-52.66233579659241;1
v137;7.629126017486267;2.6575836239468544;1
v138;5.9040526076873645;-72.55510722032345;1
v139;-0.11931984817642198;12.233281102386272;1
v140;-117.17020761722335;12.972752379462513;1
v141;4.01386347646942;-2.9796476589580734;1
v142;-23.217259419383474;-61.60578593905659;1
v143;-5.474711855142585;9.716415305974778;1
v144;-0.8236851248665624;-20.856370333266163;1
v145;-4.232498080524456;66.85281717568563;1
v146;-5.574545093903761;12.850909289138762;1
v147;52.653035592057726;123.04003139015404;1
v148;19.17001522701691;-59.333169695183166;1
v149;-29.596837955058554;-8.464935062891005;1
v150;5.958881652993283;-0.6462719818279119;1
v151;-6.519101871404328;-20.953279916072113;1
v152;-66.21965043975989;1.4533476465140405;1
v153;6.910958491504287;18.39442787425951;1
v154;40.210688247445106;70.40258247226978;1
v155;8.83695192598797;-16.071580467581732;1
v156;16.20568131978243;-6.146846575258861;1
v157;-52.673824640861646;2.143419005961102;1
v158;0.41092601919854704;-5.798117091405775;1
v159;45.548307905472186;42.05788896651964;1
v160;3.907591287353988;-5.291077417928728;1
v161;-11.433603499767395;-186.16964269880572;1
v162;17.598308304245034;39.08169823914729;1
v163;-1.1057136136539374;1.4823449125249426;1
v164;67.80469945995007;-18.747017883763448;1
v165;-56.83778465661947;61.92965792778332;1
v166;-23.603841031571317;52.062430529885305;1
v167;-41.86477669740593;14.758506961456407;1
v168;25.110003948675857;-22.091706275160394;1
v169;-22.42961383872189;8.410491587552027;1
v170;26.378807243919564;-72.17676260271287;1
v171;55.756789357776086;-2.8091689687624544;1
v172;15.307216284336786;-8.534946427468647;1
v173;0.3491610162563102;0.14298479383816237;1
v174;38.23226010972057;36.51808876408261;1
v175;-28.294601703447018;35.47084860881367;1
v176;-74.26062280316977;-3.595038791519203;1
v177;14.134095059292777;-7.968106832765267;1
v178;-0.15805445204167734;-7.32719428806501;1
v179;-13.26661007263898;-8.1721561880492;1
v180;-4.884089683085;-17.379159049034854;1
v181;-6.146361440244522;0.8851223996613589;1
v182;26.73871049402192;27.993995351845722;1
v183;16.929852923115;2.4304421096487414;1
v184;21.26517802105648;38.494119769235866;1
v185;22.405591734529782;7.936638059879428;1
v186;-2.1021402704420233;-9.612035977250953;1
v187;48.358474734181335;-32.791022711758536;1
v188;18.446971827192833;-15.669260978184475;1
v189;11.272458957137884;-35.118010311824456;1
v190;53.422720146479;21.222982026140734;1
v191;-36.9545913132757;22.349251950695766;1
v192;-21.255083575943274;-19.537285391697374;1
v193;16.98351744535152;20.940084300239327;1
v194;9.1795275023847;-20.740594331427857;1
v195;13.459573829927047;62.413516549078764;1
v196;58.51135336054436;-26.593039373268855;1
v197;-1.0587030154198809;19.877934619524915;1
v198;4.731931774852812;-23.59685695407481;1
v199;-21.127339553733922;-19.735333343086324;1
v200;57.16005692764287;-123.7131955061307;1
v201;-32.73464056550667;-59.806378406695266;1
v202;5.7258442609900975;-26.90017292681792;1
v203;28.818205933544274;-7.452214698860666;1
v204;6.633724921354314;29.48709339744219;1
v205;53.54518013002017;-67.6691620711597;1
v206;0.3003157161601585;0.6915299523228854;1
v207;-0.039827649370098986;0.18245960488336282;1
v208;-55.951219430449676;73.0631495852346;1
v209;-75.45110757613175;5.009726952200838;1
v210;-12.249820211631326;-3.7103829984042935;1
v211;-20.329897235309517;-9.24973574593207;1
v212;9.210502130007015;1.3526842338101814;1
v213;-27.70726516936031;8.627775212973841;1
v214;-71.52153997186504;-54.8872458443165;1
v215;-38.89060365424892;26.439623679255533;1
v216;-72.36753007127923;56.89491362265382;1
v217;-19.758410186807442;-15.493510516250748;1
v218;-25.445277695854248;39.798653423994956;1
v219;37.9098494894589;21.134249885514013;1
v220;4.126890911357273;31.859861904886568;1
v221;-21.40082605342055;35.86880061260942;1
v222;-8.043796028095217;-0.35390266062858455;1
v223;1.4183415198492475;-1.838222405653259;1
v224;-5.315398411419257;-18.253431949085687;1
v225;-7.254542273280548;21.5164546235549;1
v226;-8.977672066936515;25.9985865125587;1
v227;0.36829636455492826;1.9462884313966429;1
v228;7.356073672270326;-19.19689506132232;1
v229;11.071713409031561;2.0743782722927233;1
v230;-8.499222847955473;-8.489890405675785;1
v231;10.871316592136896;56.4086219078542;1
v232;-13.25403401363991;-25.180595651296542;1
v233;11.342948070609188;-0.1385238603334848;1
v234;28.37243117416167;47.49048296326629;1
v235;62.434486024017296;-15.625112295305557;1
v236;18.59358960471751;-13.419032990069296;1
v237;3.669394901439585;-3.8445304745903526;1
v238;26.999738984288093;28.896529918089946;1
v239;-51.70234105792124;-22.279130342730234;1
v240;6.330674118966496;-94.72626829365545;1
v241;27.854250731460866;17.44702561649236;1
v242;-27.01380983099574;38.93078252948435;1
v243;-8.004677846242528;97.51445662736013;1
v244;17.21902155286456;73.10856301339612;1
v245;-55.45625188298132;-15.521331123633821;1
v246;-9.182438279158927;-34.32360086550343;1
v247;-43.18639822972675;51.14494692276382;1
v248;1.3966069379794084;-5.285388496803307;1
v249;-15.568332257130232;-6.174383516640218;1