dep;70.72292805405851;-78.52944327999222;0
v1;-12.392590197779974;16.60055235636974;1
v2;44.78577368120549;-5.66529698959043;1
v3;-31.66021822453132;14.966577621200132;1
v4;-9.490662721150912;-34.69302067784537;1
v5;-84.60282863751976;10.196046883219498;1
v6;-14.297934644663552;-9.167169156549205;1
v7;34.27397453496944;4.754467960409623;1
v8;21.219807881967412;16.741553514113654;1
v9;-62.23325747677323;14.957763222687978;1
v10;23.289850545763755;25.8916886728896;1
v11;-20.316107066915503;31.69202564609777;1
v12;0.7193632143312099;-1.1754340328010773;1
v13;0.6875624735309135;-0.7247688539914887;1
v14;3.9833467034815238;57.62412373925919;1
v15;-33.61832378880695;-13.78174185543317;1
v16;4.4008900659610575;0.40021099362877033;1
v17;-38.000686071445635;-19.764430372881158;1
v18;-2.1569249898018055;-31.104140898187982;1
v19;-6.794726378962003;-8.210079091969893;1
v20;36.45773776257569;7.911398102364914;1
v21;15.863200708136958;16.760978209951723;1
v22;8.733230213781932;4.198833521278981;1
v23;24.19478205941793;7.946874351422393;1
v24;13.911564364772772;-31.881550197579895;1
v25;-1.0530141492427472;3.779283083016103;1
v26;2.2588757733682523;5.907945529593454;1
v27;73.04516700455615;35.51799795257378;1
v28;39.284224342685924;69.48720098409676;1
v29;23.984260206238556;56.53584377235702;1
v30;-16.254435750496615;-34.2563531341857;1
v31;-0.8806347933831457;-3.819771599260171;1
v32;73.97091141047687;-26.072669502795492;1
v33;-29.644897642818126;77.98575659231685;1
v34;22.67623691188517;25.918700499758398;1
v35;24.247376519439456;-62.51596371506407;1
v36;-44.415984526685826;23.863529894232208;1
v37;-17.23993494844107;11.314048122372329;1
v38;-25.311844686853874;-3.3158653952462096;1
v39;-14.223975138572033;-6.925346175597464;1
v40;-4.741887030582875;20.857522204613645;1
v41;17.80116344011653;13.733960959110052;1
v42;-8.565139039014294;43.68913012958205;1
v43;-98.17926196887036;-12.560003096588163;1
v44;-23.36219697130488;-67.45245390270355;1
v45;28.650677036552704;25.509068983028865;1
v46;-59.26112988771784;46.74352606439206;1
v47;-79.65549641645366;-1.8313782829006064;1
v48;1.936140676117379;-22.924116135022704;1
v49;1.3012328086826943;1.535251548881862;1
v50;-15.815357898675593;-41.24879683500354;1
v51;10.71265516658173;21.647789696594288;1
v52;-13.114304108643832;4.86683556434743;1
v53;-10.699218843264301;-3.6199095539682093;1
v54;-3.5725859290472575;2.0021257204084177;1
v55;22.736919807999115;69.15968465269393;1
v56;4.659931645220433;4.353597296330074;1
v57;3.7113812046065404;-47.763035348659976;1
v58;-9.729876572633637;-7.814703360328996;1
v59;14.16686930273429;12.732568762273093;1
v60;19.26693622806251;44.32232004760653;1
v61;2.0864564277137454;-17.401895607608186;1
v62;-2.7880646843542705;-4.829811789292623;1
v63;-55.7092237179881;-46.24176820201028;1
v64;-82.38816410264731;-26.075228617121;1
v65;23.872835626573373;-42.445538848738494;1
v66;-40.14671214053796;17.728588769593085;1
v67;-59.402560879483374;86.78512148979641;1
v68;12.141773345635285;13.325109564134523;1
v69;-0.7341046082054943;0.7180808762190672;1
v70;10.027380982344319;-16.248101880828912;1
v71;0.0810636151058714;-0.119070975401296;1
v72;-12.111182849428534;-8.644679302024619;1
v73;32.83530768233566;4.30065650702595;1
v74;-16.815369880377943;0.5390005935845458;1
v75;0.6837478939241474;-0.3700644987507567;1
v76;38.90164204399776;-8.494248723804786;1
v77;-25.01700848977236;4.410463438103452;1
v78;-6.98233859850309;29.10234518084673;1
v79;-0.7029891730630263;-4.338825941226398;1
v80;-103.6698290495642;45.480966365785434;1
v81;30.203545849013338;-32.02079487288319;1
v82;-65.33295130198809;-52.520539538785506;1
v83;-63.98199014880548;17.163459627716087;1
v84;-17.69166038838878;-22.277592303092113;1
v85;42.69632705204918;-22.574643252860373;1
v86;20.328401155015307;-59.49071540332786;1
v87;-11.489078203488978;-24.22147137411973;1
v88;-15.434363201496268;-55.62900147103394;1
v89;-35.069352875920025;-13.750015243237984;1
v90;-36.14186537644837;-15.608309009324122;1
v91;40.521702941390494;-28.641690655403327;1
v92;10.75359873132288;7.982719823904123;1
v93;-75.88512129428152;-48.64405379172822;1
v94;-7.599971876670673;29.451324228219516;1
v95;1.7160279901978743;-4.03537528269628;1
v96;21.270786143149905;-10.692043885200079;1
v97;-58.32261727698281;-90.41603336780172;1
v98;-16.51410130173789;-1.473846753543346;1
v99;89.28990855021165;1.061965985366166;1
v100;8.572661418414633;-19.755956882987963;1
v101;-16.14815534902836;-62.03315350523311;1
v102;-10.22296109343432;-19.31964050695201;1
v103;35.31906533122608;69.84292009200018;1
v104;-9.346780602776875;-17.865767373028124;1
v105;5.251732031085083;3.8608813447716734;1
v106;29.24542280118029;-47.71548696335811;1
v107;-16.47162971511105;-18.785211123468446;1
v108;21.751967031623114;-8.430947190764586;1
v109;-36.98731216988337;-89.46429703047998;1
v110;-24.453601789728108;29.0663735692916;1
v111;-49.94539112873874;1.6239839014491781;1
v112;-24.530518564000353;-26.01391882388242;1
v113;6.376265969375475;-5.135700453173235;1
v114;1.0776630586686535;-6.019482569273042;1
v115;-15.558957927593992;-14.108827321513578;1
v116;62.57443866044838;-16.27124646348381;1
v117;0.7586556925248489;-4.665245299317625;1
v118;20.13258833045012;11.204686121041913;1
v119;32.49336691625839;-39.99120992636855;1
v120;38.490482215263626;-15.119550884694902;1
v121;-10.460021831704923;-3.8590945362199487;1
v122;-0.35883574556039727;-0.5826565390838297;1
v123;-66.73654370350158;39.30195688836942;1
v124;-75.52752402048908;8.928309794930207;1
v125;-0.00882937941239536;0.2964029111346039;1
v126;36.22186115457709;-49.02345996814351;1
v127;-7.0929153861207075;5.338360796316978;1
v128;25.496953957257592;-70.5111834685565;1
v129;-5.519133725530353;35.99251690161379;1
v130;-2.4236955648972986;-17.728158932732143;1
v131;22.33968798650831;-5.791849579187507;1
v132;-1.7187242750719365;-20.612946061057354;1
v133;-41.09188213331251;31.823967013378446;1
v134;8.284407453444075;-27.882851458781488;1
v135;-43.28935514984335;51.66483133225632;1
v136;62.66730592362117;90.88284311043498;1
v137;-3.783262165201726;2.365976496805525;1
v138;-14.431234394888785;-34.61080963055933;1
v139;36.71173932821028;85.55179436764475;1
v140;5.103109021144028;-15.10275510076891;1
v141;-60.796820716110474;55.21428809062436;1
v142;-0.9321245030977892;-3.3774657471967813;1
v143;-56.968680367100646;54.211742259224785;1
v144;-24.63685882476718;-27.690584429528734;1
v145;-30.926881023849557;-7.762028972747915;1
v146;1.6763455894233137;-30.26331123794375;1
v147;22.04552890972785;2.801954546569573;1
v148;-105.95145277071077;56.65976908148485;1
v149;29.751685887129184;-28.920967564708985;1
v150;-33.75468090497914;-43.04124474204494;1
v151;58.32072581695813;-93.82523712778969;1
v152;42.037988307359534;15.31752944600893;1
v153;10.691244435830699;53.15804852805075;1
v154;15.339816593440112;-4.467106706501574;1
v155;5.261993599039875;-38.05836379625362;1
v156;3.812329450627289;9.494751338174913;1
v157;-13.982584719126452;29.470958891207484;1
v158;1.862885971737238;-9.659402376934429;1
v159;-22.741683477909422;-30.684792845430128;1
v160;-7.697710866817886;-35.55552303951259;1
v161;50.680972433561536;-48.695954965278254;1
v162;-16.9809565411121;-12.845382877002383;1
v163;4.165444886598279;3.9859868954879154;1
v164;-42.02704319158301;21.967535542989822;1
v165;15.709958347620315;45.43579929638421;1
v166;20.69730164823661;20.307820775056236;1
v167;-0.7041950025604226;12.611609213106602;1
v168;55.44448731004571;34.85355595130815;1
v169;29.310257095833254;0.5364000833242897;1
v170;4.720545017310351;-49.23453576979544;1
v171;22.316961424859205;-95.14692461873851;1
v172;-4.788051949495417;46.725025524755026;1
v173;18.937477517873752;-45.67170309332192;1
v174;13.105756674554362;35.373251072192765;1
v175;3.0978453013882583;-1.9526473676616816;1
v176;-79.59510827404337;-41.27527517710866;1
v177;1.707731193777392;-0.1558304770557244;1
v178;51.937646074181124;66.61830980870812;1
v179;13.5748752808027;-11.66098327853282;1
v180;-25.33396038794379;2.7013985781772223;1
v181;2.1506948698905695;30.384579233973113;1
v182;-13.479557357010721;35.349916070123;1
v183;16.33169547352228;-78.19787749311179;1
v184;-4.594077839998307;-2.848167834266941;1
v185;-3.1420333122020123;-92.80615373216881;1
v186;-0.953221877184518;-0.0660175897952146;1
v187;27.33108489665082;-47.42089980880021;1
v188;2.0495589180694274;2.506516263196527;1
v189;10.65285718475709;63.300312013988425;1
v190;-0.7718503557859754;7.602728989103196;1
v191;1.2195963606245237;7.370620472836724;1
v192;43.637370033490754;47.61689885762268;1
v193;14.268639422068958;-24.342223903495636;1
v194;113.90758762529853;2.7920075473956434;1
v195;-1.4429691436454348;28.988490234734723;1
v196;-25.985659669572975;34.94942160001298;1
v197;16.701104846606626;88.87725751234441;1
v198;23.05571582152511;35.014611272837406;1
v199;-0.4324202140345926;-5.550304257628265;1
v200;7.799538004841553;-33.868081591182225;1
v201;26.596428620689885;-0.18387455602799868;1
v202;3.028490898827323;27.575676485845076;1
v203;17.991924215403614;-11.577355143043366;1
v204;-13.691834712903622;-38.573181957983486;1
v205;2.5737997833675434;-62.644204593854404;1
v206;9.84446939950778;0.5995191581238012;1
v207;33.91801555070297;26.62196442326012;1
v208;62.61134080813428;-23.315191632515173;1
v209;15.629207770277526;29.413140318385853;1
v210;-6.400161809806419;-16.991708748855253;1
v211;28.587486962239268;-29.5485632089086;1
v212;3.1036527840777124;13.395443184516926;1
v213;3.6633948032666828;17.91376643731286;1
v214;-34.07915114938289;-13.589438172041755;1
v215;-103.2480014105933;21.435039133325652;1
v216;-2.956451507590151;-13.72361228646649;1
v217;28.014088913040492;21.365741003658314;1
v218;4.165076208622476;-44.61335777997756;1
v219;17.390294149814014;-23.5848370053007;1
v220;31.50400507374729;-52.76125349757433;1
v221;17.21044985731303;-29.210186005171003;1
v222;0.10838601837059111;-12.798147595075855;1
v223;-105.84149649295819;-46.93804736881923;1
v224;-25.72033563887814;-11.119962958948877;1
v225;12.096012168722078;16.340662244935906;1
v226;-7.677063416673776;-10.463891811197517;1
v227;41.25526133330739;2.1534703215958646;1
v228;10.514651538942138;-2.2129031815337235;1
v229;0.01170058992318249;0.08547430459087392;1
v230;-9.072198940394083;-26.433485186608646;1
v231;-39.88110162224874;-10.450007639028277;1
v232;-1.8202967705058744;-6.749209605203432;1
v233;-60.54760293913914;25.38166342965214;1
v234;-43.18900715830098;21.668346983873516;1
v235;51.86637962988468;-27.01571427599071;1
v236;14.306449903095727;10.69949131722642;1
v237;-16.145516074593694;-41.9066020351832;1
v238;-15.677878880223934;-8.305103119099552;1
v239;-2.5468710165254254;52.161612022173806;1
v240;-14.862151507711374;75.2787310620199;1
v241;-6.152258791122166;0.13782686801004487;1
v242;0.28838615402516915;-51.77645123127564;1
v243;-55.49921580825512;13.666446188050978;1
v244;14.146689538214654;1.3513835038225128;1
v245;-6.2365096721063376;-26.86630797215956;1
v246;-40.822142257146965;6.367627860783252;1
v247;-9.303481107463323;39.84568789489883;1
v248;-17.48860003167415;-70.89966978994758;1
v249;-4.310539139956166;16.496653452406107;1