dep;9.287336673157053;14.601105553779165;0
v1;13.673529512440266;4.297182532982765;1
v2;-36.82490022435419;-23.147143758727257;1
v3;8.654896445222807;-2.6615026373471755;1
v4;-20.013516293205857;-16.52552271905468;1
v5;-0.3184694139947597;-0.11373176344036061;1
v6;8.127200954978878;35.75920200719026;1
v7;-38.79518364745246;5.204629151215346;1
v8;-11.193928032866452;19.682620320901684;1
v9;123.00712530869173;-60.73439210278234;1
v10;-2.2382256556207323;8.364729358215888;1
v11;64.40810110708571;-8.487268225324195;1
v12;-3.020070496833888;0.6396687660643307;1
v13;-19.00146228343076;67.91103650673547;1
v14;37.75761734110364;-34.752979335203904;1
v15;14.27895854227239;12.918589353030303;1
v16;-4.439422915192112;11.057393647051123;1
v17;97.22169245436778;-66.34618119510883;1
v18;5.424006492786872;-18.320347004359522;1
v19;16.66621215681241;44.534648552556725;1