dep;-0.14388895773071653;-1.6446641255357757;0
v1;16.067813921001697;4.2396651134325065;1
v2;-81.15230465630593;-44.47345480312572;1
v3;-38.68588650353576;-13.377804892348184;1
v4;15.599066077408414;-83.34108283518448;1
v5;-4.3897188269024;11.814203583055374;1
v6;-7.389899806323872;6.239986694923045;1
v7;-48.226745461370825;5.024797875979537;1
v8;7.766822921265533;-24.313439795700514;1
v9;-58.92758046232091;-30.276970565721;1
v10;51.81137632070276;-27.763416676241246;1
v11;138.94221577856075;-2.894634075765033;1
v12;38.665376796875464;25.71345948382064;1
v13;-55.746629452464596;-26.328359039758197;1
v14;-45.37854577908467;21.305051914593303;1
v15;20.133993457315405;17.233251389779273;1
v16;-10.587857899989887;8.838712012646914;1
v17;-47.421409246861195;34.75830399673543;1
v18;-37.4767216396913;37.01155769362218;1
v19;18.562827448011475;93.93748757261928;1
v20;-10.944966883748734;-5.1585282145054245;1
v21;0.1597981163359035;4.593210448195496;1
v22;5.4367741755121735;0.5224696722306426;1
v23;-6.021415759239959;-13.642293843355372;1
v24;-13.157253389339477;7.9111085162686114;1
v25;20.44641221909754;-54.78918158778947;1
v26;0.22573850707303603;-16.13269023465117;1
v27;45.121808888896894;-15.545297140942596;1
v28;-34.77193971680194;21.328006799801866;1
v29;41.91139132007135;37.52965738238982;1
v30;47.0016263822181;29.028476909281753;1
v31;32.463333734558766;6.570531297744729;1
v32;-38.81910690562276;32.39669440956434;1
v33;-0.5493915968394524;-3.0533528582345624;1
v34;16.56060729120142;-40.25552710418192;1
v35;33.14347022542351;44.37603062493056;1
v36;-14.20443840959675;10.419125502317547;1
v37;-5.261611476020779;13.691886637384773;1
v38;-0.11338962875705151;-3.777527139875814;1
v39;-4.940367192098368;-2.682042297133942;1
v40;23.73235926719234;11.378417602883983;1
v41;-99.80412012230494;15.604944265880322;1
v42;31.4385009894171;6.34423948382834;1
v43;141.12838104804712;26.325189885718018;1
v44;30.725501516873067;-28.982915899175744;1
v45;-11.279137150564992;21.51427303992583;1
v46;-54.004014978057654;24.35384770627523;1
v47;82.1097291513957;22.747863462905173;1
v48;8.993634877694232;-26.879826367326558;1
v49;-1.0421257631165302;16.954166896852684;1
v50;-33.596130293677845;76.06136815313333;1
v51;-28.948394476608772;15.554615088503784;1
v52;20.04278050209563;-18.989377732465275;1
v53;19.169782816819254;-17.99002609388958;1
v54;-3.157830352672995;3.5149743275430305;1
v55;20.72876096219369;5.15490644882416;1
v56;0.07836494146891483;12.59436901978458;1
v57;0.7108605237037369;0.5508405205757491;1
v58;-107.97768114622477;-18.612890006733874;1
v59;23.85192619464296;-4.004947675729594;1
v60;-3.2787947740008665;-23.723219018317785;1
v61;-45.27492951125041;12.538540141242636;1
v62;9.94847815892169;1.1831892393011694;1
v63;20.149759890931428;28.188117551617715;1
v64;28.960018742143145;-36.47667232538899;1
v65;2.633997048808561;19.72502597550011;1
v66;-41.497189257850714;-10.0208871355723;1
v67;2.62683295157347;-0.5354706890909136;1
v68;69.00529428805874;28.214295925318158;1
v69;2.30694131599911;-3.786364523775699;1
v70;-5.277497544855021;-14.703656605975826;1
v71;25.73873800929582;92.83956087156456;1
v72;28.046234877688082;-4.698096991604189;1
v73;-49.78479162970556;-15.550625196347207;1
v74;2.183153059746684;-9.641063545259748;1
v75;136.20377783695466;120.9272957644152;1
v76;-95.21340799849412;44.594273617903276;1
v77;16.79998945682374;18.37107340964817;1
v78;5.609771117994201;-30.233999236659397;1
v79;-0.23391608312396522;20.67890733924757;1
v80;37.32037559627475;52.56269604299383;1
v81;10.596442053776912;74.71718665044432;1
v82;8.52393953001576;-15.179193991181075;1
v83;-1.6320533267444994;-6.801196243644021;1
v84;2.478017985640856;22.63215187190859;1
v85;-15.064438071686475;23.424688124910194;1
v86;-1.6285490259452422;18.15750476236465;1
v87;-22.422714805362894;10.608884110406763;1
v88;-27.725167895446873;11.531347959206645;1
v89;3.8903627875017626;-21.648196648175805;1
v90;1.0908758215082972;-17.87531690463519;1
v91;-0.6798673103193986;-10.713437422587141;1
v92;31.44593403062817;-28.333698741712183;1
v93;-32.50210889209727;64.53808859023158;1
v94;-23.079159908344955;-9.647345198447649;1
v95;11.8152491232518;-25.71300498719787;1
v96;-135.9232766749998;-35.42369181860711;1
v97;14.012063919181003;-32.85566067994475;1
v98;-4.415328807721225;-13.701039899259174;1
v99;-5.652622111939081;35.33215225661776;1
v100;4.3806162085875044;-1.140137350952029;1
v101;1.7358722191139548;-54.10202151095523;1
v102;10.164595011600776;51.27480031001737;1
v103;2.5264195652247534;-23.366110048181802;1
v104;-27.460511015481078;-12.722222200938074;1
v105;102.71655250911539;23.212872668498445;1
v106;-26.287462755884626;41.02069002068095;1
v107;-5.006019001625941;-7.847463190455371;1
v108;-0.4107724044897198;-12.869902603508189;1
v109;-52.292929359561974;51.82127011760777;1
v110;57.87035727706519;-12.57987326832199;1
v111;-8.322663211179027;66.14655605394655;1
v112;8.698710540608262;87.98635839371583;1
v113;-1.7600273376027566;-53.26463099799861;1
v114;-11.61967776518703;-17.21138404452237;1
v115;3.094752605061354;31.132683683806974;1
v116;2.5346495151148587;-3.4510314682334586;1
v117;42.409014228232294;2.8933168240952054;1
v118;-91.52337558696699;-58.32831928498068;1
v119;-4.7032915092945515;6.264192235746358;1
v120;12.389783757278163;59.20476972349272;1
v121;-0.23244631477164027;0.03713505970481506;1
v122;18.615417756819046;-20.59895539809124;1
v123;-12.4292320783908;-5.204083785346508;1
v124;19.890885739551056;-33.92563207983223;1
v125;22.565317072133123;27.875248589054365;1
v126;29.14729700090431;-64.89101194894539;1
v127;-2.5387783604615546;2.306841094402344;1
v128;-41.75951012215885;-39.14205459582269;1
v129;8.824455694647595;47.87759985483769;1
v130;8.778975721265118;20.944640342498424;1
v131;21.43031934532171;-89.65065139316023;1
v132;-8.32518734335812;-15.782504722419583;1
v133;-18.5332375805294;-8.984739708644826;1
v134;-31.632798526385596;-19.980417289430115;1
v135;-59.64479103484838;-11.319838603622527;1
v136;-12.073137399306594;36.1504515651688;1
v137;-77.831434814698;-3.8191920514756723;1
v138;-10.750160928053932;3.0165921229918813;1
v139;3.7068104114297915;-15.421161139017274;1
v140;3.043724803546816;-2.085516508384347;1
v141;-1.6341353228502808;-52.859915290066404;1
v142;12.424070238568602;22.532128454323665;1
v143;-16.509378096225237;-12.342971701323917;1
v144;24.588777811533642;81.5368799794559;1
v145;16.978914120661187;6.6184735210574015;1
v146;-5.028900619796735;13.298369664192162;1
v147;8.816990821107812;11.281855103413013;1
v148;-26.788608311907605;-62.67698938848551;1
v149;-2.9078811702973053;-30.05380876082702;1
v150;9.701377080717396;-22.315624721811783;1
v151;-47.16910541655512;-45.00186056477977;1
v152;-35.349601334245875;29.136131871757378;1
v153;7.646690983157926;-80.71556280237553;1
v154;73.6161086613197;-15.300012920672275;1
v155;17.10406291008051;-14.561466213832958;1
v156;29.468365809195685;6.343589924906932;1
v157;2.03515125856928;-0.9129090259427538;1
v158;-12.293239521266825;9.038159991379215;1
v159;-37.05172832765261;-10.896728665418856;1
v160;-38.11664533883875;23.325556252335375;1
v161;-62.072354468994575;29.439482831479165;1
v162;-6.934561216566381;2.0840785021677526;1
v163;18.159392337580947;-3.5428230406395453;1
v164;1.415155970358346;5.721459938603744;1
v165;54.541043773950804;-53.91504413754553;1
v166;7.210715554199338;14.873416477098377;1
v167;8.080106783183854;21.098092099635885;1
v168;9.567610756297313;14.557585676234613;1
v169;5.63387729781345;-8.625548523545097;1
v170;-5.510800040666791;14.959184489867692;1
v171;3.4691390564856706;-20.56452139310986;1
v172;-2.879604474734775;46.42941915563978;1
v173;0.15215071435675387;-55.256797112202484;1
v174;30.244666145161705;-89.51547830597416;1
v175;40.50532294006078;-2.015082775633109;1
v176;-98.22475537902214;61.92832966122072;1
v177;69.13195780759065;59.64404904890472;1
v178;1.5008358664409656;12.3282658976476;1
v179;-44.14624031591722;11.605697971980021;1
v180;10.381224237158314;32.53463571060187;1
v181;18.928209938809786;32.090990041694454;1
v182;-23.093523717223547;-82.67899750569148;1
v183;-39.21512938019525;-22.242488518979957;1
v184;-36.748439052641224;-16.878794970468384;1
v185;26.07248346377875;-5.692348986605839;1
v186;49.90607942953791;9.843436047401976;1
v187;12.757033465282253;13.79558189761097;1
v188;-5.304106519678156;1.032855884578547;1
v189;5.371637942370393;-5.284330300355254;1
v190;2.277493334366807;-30.358259740083756;1
v191;21.608577845480614;-4.834284135362543;1
v192;3.1244531938216213;66.36262624083182;1
v193;45.716811758856984;9.052683792110951;1
v194;-5.944577852318805;-1.3116767297481768;1
v195;20.213355881124908;-55.610950831910266;1
v196;-24.150539616548667;-20.152650405968007;1
v197;-21.344106771833776;0.7562162386803656;1
v198;23.6719453415786;-26.85280399096966;1
v199;-10.266169707217063;-3.6550756358849177;1
v200;-3.1690676368486255;1.083059516443466;1
v201;25.470259003488124;76.92510480718889;1
v202;-8.520200643286499;-7.376831866146689;1
v203;-0.38621713262517543;-6.363319847508887;1
v204;19.26607047237824;-27.09516545560733;1
v205;-11.621608480177514;-4.747437773351365;1
v206;-3.4519477867833737;-3.401800488020836;1
v207;-2.93966312653844;0.08672451966853988;1
v208;-15.655650633264225;12.343940441061228;1
v209;-30.60200835710168;6.941711915418444;1
v210;-2.3009385018192723;-4.405159216454845;1
v211;-15.079886358505123;-27.135103099624043;1
v212;30.491136814542383;-37.52128292577907;1
v213;3.167545814841484;8.437230158478698;1
v214;25.38146459730063;-16.66226109911868;1
v215;-72.50665941829176;2.872926330350588;1
v216;12.377930223218035;33.9476933259768;1
v217;5.908075342962341;30.408898008050855;1
v218;-18.53251451876459;18.059667254573675;1
v219;-16.16573610290018;-31.125250563715092;1
v220;17.764660620889398;-48.1779778300777;1
v221;-37.77518976431296;17.305361400957437;1
v222;-33.10320753762172;33.092894917747344;1
v223;-27.4543993509769;-23.531685777392838;1
v224;8.613019203603107;3.194113002062134;1
v225;22.300600112312065;-11.941492652406286;1
v226;54.34457931792985;-67.9463688056082;1
v227;-20.084533117268638;7.976214006512234;1
v228;-13.705193778889589;-17.448574736586636;1
v229;-65.86091161127122;12.145452900267987;1
v230;55.897010109234124;8.753072041332972;1
v231;9.972789809599256;-40.98579320501308;1
v232;-22.904426557757827;-7.409086609428606;1
v233;0.2028688998011463;-0.3693890674072494;1
v234;2.8760846283724084;28.94851915572126;1
v235;-1.3052227748700818;1.273617993291693;1
v236;-22.984225533491408;20.191455993948335;1
v237;2.6578784012385976;19.58479212843885;1
v238;120.43876937258872;-42.057301603432805;1
v239;-34.875599123455736;44.36246328104806;1
v240;3.156059517045699;-2.207125893662482;1
v241;-2.179975672212703;1.2689739443669923;1
v242;-33.84903951853132;-38.313118615951836;1
v243;23.116376207582793;5.670321621320988;1
v244;4.959098678901105;-25.257400270290482;1
v245;-25.246600519266895;-23.216609650916762;1
v246;18.4579453928412;29.836397628224145;1
v247;-14.880504120308068;14.358300445808114;1
v248;-66.51024465366415;42.853285152490564;1
v249;-9.859518668739243;-13.575716988208923;1