dep;28.891339123604187;69.20200106898635;0
v1;-4.719425934092323;-18.04280761288839;1
v2;41.333123807731695;-10.09491257452697;1
v3;14.557934215931597;-46.42654795323358;1
v4;-33.12330601304533;-9.931188096986538;1
v5;-38.66421778340638;-32.74990572033525;1
v6;-20.791255312326594;110.65924043423632;1
v7;-16.121316182302063;2.0816086153172138;1
v8;-52.22871395507186;-10.768022056210052;1
v9;7.956372442043655;24.180399885780023;1
v10;3.0855819095229786;9.573310143003573;1
v11;-38.41932054550321;34.59591899943977;1
v12;8.701360408240852;-4.4928370208714705;1
v13;-40.45250947956193;-17.931049492143227;1
v14;0.267267863661707;-0.4164367335102762;1
v15;3.469400251073949;-18.16232114822951;1
v16;-62.52761029957963;-41.726264547953036;1
v17;-22.20066576824947;8.336082879604634;1
v18;41.692959634851974;-5.270386915698711;1
v19;-3.80581180113553;-48.370626495231356;1
v20;1.8380151975398864;-0.8423058738041087;1
v21;-7.435036637684527;18.14036324028577;1
v22;7.828194227474793;-22.0670303743299;1
v23;-52.377855104394285;85.95197316433925;1
v24;-23.546680218153092;47.408258643336545;1
v25;-18.342389908961916;40.40816614939719;1
v26;39.75565427746289;4.132502181599429;1
v27;6.798062034052724;-28.61388691509838;1
v28;-94.80846958312422;-12.314331610548473;1
v29;11.143950539771186;-6.696160271935831;1
v30;-0.7019910931693583;-0.04264607906691953;1
v31;-35.18916381507538;81.56802283772002;1
v32;6.628278617333694;5.570897810755206;1
v33;-18.313982320331977;-30.835317229326627;1
v34;-30.43996203964819;33.54411242305602;1
v35;12.249292277361333;16.42136308315526;1
v36;11.336107383275031;16.577322149508184;1
v37;-4.052228859309655;9.02121087911564;1
v38;32.24566511235148;-12.6849972301592;1
v39;58.46486520879787;11.88772065730512;1
v40;11.963333575350976;10.823657263320156;1
v41;-4.241633992450544;-61.29086432943748;1
v42;8.657008739759258;47.951004996183094;1
v43;86.9915331537265;1.0297356807395568;1
v44;-33.12796786950429;-11.686494133643857;1
v45;-25.415024197719685;-0.05425042690404094;1
v46;67.56387967086737;-52.108004099968994;1
v47;11.638766505228235;4.477666957361218;1
v48;26.562893007008743;0.8600769542710808;1
v49;5.122998977816687;-20.521412564527246;1
v50;-22.33878308359389;-4.498317697154694;1
v51;-36.04224065432735;-6.636578237461967;1
v52;13.976726224337831;41.47710014397273;1
v53;-55.39311294562592;32.19185918635458;1
v54;-10.597151950986252;2.5377559982349154;1
v55;18.142248022361013;-24.45765237282029;1
v56;-70.15198648420501;-37.82695269158765;1
v57;-3.2254310025753297;4.140425276209044;1
v58;13.606630408527646;48.41757705646316;1
v59;18.895808816646948;-5.990007713799125;1
v60;-64.58366070226347;-9.637411760375802;1
v61;-41.47865485272056;19.019769913700685;1
v62;14.485622326365776;-2.187090833141033;1
v63;-41.75819008912416;15.092847370445487;1
v64;-8.313954852781436;58.98240994655051;1
v65;28.502382749399057;-23.683546570990977;1
v66;-6.829582954593021;27.197719214813468;1
v67;-1.025534252169037;-3.576548394925094;1
v68;34.59606542785404;-9.160815928152111;1
v69;53.73927580000886;-79.21584767712815;1
v70;-10.071138655256338;60.60438223306823;1
v71;2.2898305092264666;-1.3693816045810776;1
v72;145.53126153170794;23.81718690440875;1
v73;-11.947416638825423;-0.17824038705043774;1
v74;-17.5900560523606;-10.69544702623569;1
v75;-10.924178303273818;-11.79155969210763;1
v76;64.84361926852661;-7.412989123495174;1
v77;27.84748807071877;-28.433057044244766;1
v78;-90.4674061865504;-4.659822910681906;1
v79;-13.530068947915353;9.130934364280899;1
v80;6.099491208983904;-14.507996310871157;1
v81;-15.681310009036723;55.3498178084843;1
v82;-1.6927428466081829;12.249320931213576;1
v83;-0.2723655516371132;1.914078336903928;1
v84;-7.322460466676958;32.81907077662094;1
v85;-10.732099189653326;-6.452759757122704;1
v86;-12.189923424728546;10.768248360851144;1
v87;-18.04520520111352;-63.88055035293906;1
v88;38.10846876370266;-0.43177377512420884;1
v89;43.4729090920789;49.89007130706867;1
v90;-12.391760045355033;-37.80473410208706;1
v91;-54.87460376337648;-17.787939811704394;1
v92;21.714873107177727;-8.228425748943517;1
v93;1.7872246844848194;0.5073111491728821;1
v94;1.7303730425379749;3.566988013689434;1
v95;1.168338402595132;-4.1993473121351625;1
v96;-50.65335913597141;34.8088924073558;1
v97;3.5144259218793747;-21.378845043298792;1
v98;-7.511174476421315;13.619675785538893;1
v99;51.538190059204105;56.138353709836586;1
v100;47.76097826877888;63.59165892377762;1
v101;30.83450082896218;9.596531568949283;1
v102;8.752954721688175;41.074396287572455;1
v103;45.84103790010917;-42.47461336809987;1
v104;-31.601969965782757;-1.1107570292773528;1
v105;-28.446232154343008;-13.73712191681352;1
v106;-7.811784716981416;-8.521396232061475;1
v107;34.69805428204948;7.291736009545866;1
v108;-19.466159988045863;6.537891990623076;1
v109;-1.3977440694674408;-3.2217277921248835;1
v110;-20.40934921970679;-14.101937984579607;1
v111;-21.846896657399668;74.9035175038389;1
v112;2.709939680329383;-12.74240145483906;1
v113;0.22679434246196448;0.370364687264279;1
v114;16.3316492458602;-9.704548108499013;1
v115;18.26045438485675;-5.412548429427075;1
v116;84.12696230878502;13.944374496741085;1
v117;16.525427210575735;6.7375991277252805;1
v118;-74.80575297959885;-76.84239096817608;1
v119;-19.790680368874202;-25.98787267395878;1
v120;1.9792292373650477;29.113476975295324;1
v121;9.25018318687166;50.65609324768854;1
v122;39.71537464052012;-5.019103221502892;1
v123;48.879859294001044;38.96231837812943;1
v124;11.014661345900905;-21.10941990942173;1
v125;-24.804420483828757;8.960129924020793;1
v126;24.486882029402373;15.380475647957915;1
v127;-1.4039673817245488;-3.0201955475036772;1
v128;6.027754133405775;2.204853828163949;1
v129;-54.59897486175785;70.83094992822761;1
v130;-36.90121693488939;-19.667153274239354;1
v131;-12.000001368295958;-12.311856026353283;1
v132;82.43857683577906;-3.49907940359702;1
v133;5.12998280264083;-12.10496514768108;1
v134;-3.4673152731970425;6.491799219083364;1
v135;10.41884172713779;-0.6557371090676783;1
v136;22.172527044811957;14.898673679493985;1
v137;52.03074521381364;39.597028976159045;1
v138;-29.57841462104355;-4.324645268667743;1
v139;-53.083778727490305;-19.853365217547257;1
v140;-57.45171725353921;15.402506412063158;1
v141;-55.63537221117012;35.90280483035676;1
v142;-18.725016632198823;-9.591130205133865;1
v143;-33.16758806827657;-30.32279808510114;1
v144;-77.79191147667214;-6.4357121069210566;1
v145;-8.985240702346942;64.45405760312165;1
v146;21.02634059200537;1.1391197861798665;1
v147;-40.90576244873888;54.01431448831673;1
v148;69.48967463188593;-86.37456544138671;1
v149;-17.544277239894853;5.244216916867226;1
v150;-24.610359429566095;-23.669115815837067;1
v151;-1.6483115647489937;41.61093772318346;1
v152;23.881332929626424;-25.198758126544213;1
v153;-2.0253797312330155;-14.523055834309375;1
v154;-6.656240470242689;8.543394575042887;1
v155;77.19713592979502;-30.317340213427986;1
v156;-7.9299554524036635;-1.486611558557759;1
v157;-4.952128033314068;7.889155029087375;1
v158;13.179517006173402;-20.15300628577354;1
v159;6.229044678671168;-14.144207621337047;1
v160;53.2105601475733;-8.670215368185422;1
v161;-7.800410904326781;-34.35458908908271;1
v162;-61.53449583386794;5.693163680933602;1
v163;54.82699075904531;51.55368000151512;1
v164;0.05620360076661809;-58.84775955785606;1
v165;-23.526068913608345;-66.45679941801787;1
v166;-8.284567636748976;26.003562663633772;1
v167;-21.943465159668722;44.93507025759831;1
v168;24.41745880999387;36.07343260298311;1
v169;62.04896123385095;86.00814741981347;1
v170;-5.803546606835884;-6.6722704099900625;1
v171;0.5046224234989493;-6.26333141532377;1
v172;-28.286737813870683;38.32265929307034;1
v173;-33.64740642969661;42.71727290003388;1
v174;94.8831043988342;-27.8540153770688;1
v175;31.72896279886439;-14.01223619399655;1
v176;-3.7502372186047994;-4.520783638503446;1
v177;-2.0508779276557507;47.0887346867112;1
v178;16.585013869767312;-5.986624619269759;1
v179;-42.33791107129467;-59.82319189930307;1
v180;9.491086236110013;14.443903112326394;1
v181;2.488341112602138;67.78315780603269;1
v182;-17.494468092082087;28.871096373970413;1
v183;2.2152667387413305;-71.8238275301709;1
v184;-39.89550691664616;14.251933676869784;1
v185;-34.2911969463215;16.812701658877188;1
v186;22.0956515650271;-9.09285941815107;1
v187;34.98091614253045;18.44361624656247;1
v188;-34.42416275426368;-56.456820521033215;1
v189;32.13305854609592;-3.788141479754093;1
v190;83.38163237767208;30.09645679311507;1
v191;6.444860663220794;-97.08973547057283;1
v192;7.542958756351268;-34.96367804996937;1
v193;-0.031003355205329607;-16.98486213064006;1
v194;2.538795061311203;-27.793388437420226;1
v195;-13.962341852041444;-64.831042493519;1
v196;-23.509735927953255;16.28330976149195;1
v197;34.21762010662288;1.1608444804133808;1
v198;1.0059415323751393;0.6369309340736617;1
v199;-70.01454587683035;-16.701925578669794;1
v200;-20.194801394062186;49.305298478225964;1
v201;7.9416800836763075;-21.542281317055668;1
v202;1.9930064214459824;-27.526391702909596;1
v203;-21.120073910174245;-30.191257956216862;1
v204;12.615827800120725;-23.990297764434263;1
v205;-22.668303424846105;59.477638908327435;1
v206;1.9531272398935295;1.4332816777590225;1
v207;-32.18239302110298;-85.46551769649265;1
v208;-1.112137975962042;-10.012689002272532;1
v209;5.359150516065792;24.218502805775802;1
v210;-87.72590962057927;-23.16457724466194;1
v211;30.40085051125026;-13.527819072065647;1
v212;7.478898376719708;-11.89193839508094;1
v213;1.0248359730581045;-0.750511512262031;1
v214;44.723924458712695;-13.01991263491443;1
v215;17.89337335807397;-106.25885519558206;1
v216;-49.39862168588737;70.18014848508837;1
v217;7.0995234100535125;8.15362646914973;1
v218;-19.52285452331207;-10.86024979899842;1
v219;3.444840154359211;-7.277428862453773;1
v220;-6.38353486202119;3.9803928184226205;1
v221;-1.299479847575432;-1.4599954632882428;1
v222;-60.8331620088454;14.020972017084656;1
v223;-8.899832433408491;77.32768500340725;1
v224;-14.672956133539088;46.00763527167325;1
v225;-19.58245314169389;-37.45704513112439;1
v226;-3.157469251939009;23.475887253286064;1
v227;109.63358706349575;-81.0113367702082;1
v228;0.20764330040669246;0.04526039650409193;1
v229;-97.66433390280454;-18.736015804606673;1
v230;2.346285366253735;12.652939901153092;1
v231;-9.70319171730618;40.859627753437735;1
v232;6.0237430123889135;48.75493152096365;1
v233;32.48028761003041;-3.5336953278245766;1
v234;42.35905095307144;7.8987488794296645;1
v235;57.95203014531946;-4.918217845883847;1
v236;-38.89394373802792;-52.56303422771689;1
v237;2.535877398826982;-15.643051711819943;1
v238;26.95874750151346;8.835903272152008;1
v239;-15.049967082249278;-36.205353297277064;1
v240;-44.153196235693535;-16.17666601665692;1
v241;36.87629541536283;-46.53393956868751;1
v242;-2.008047388256124;6.525550397167176;1
v243;-34.81887113451992;121.84571135114851;1
v244;0.12829624343576557;0.18925680307290996;1
v245;2.245890220969898;-5.618608883248114;1
v246;-1.628676107386561;-4.362153048448548;1
v247;-126.02143554293302;-0.6699173798433476;1
v248;-1.5898367865748095;-4.7738464405245695;1
v249;9.185639414855583;3.9305292364614313;1
