dep;29.186235775752454;80.96514882346541;0
v1;-5.486173726025141;-25.596892833943553;1
v2;-1.7775229385112417;1.919704614892885;1
v3;-0.6900054816717628;-2.847063969407888;1
v4;2.2677610476801346;-6.562763868088998;1
v5;-51.30898718817411;59.08092340364496;1
v6;21.11849533493221;23.751048460123183;1
v7;46.59729355347151;-46.61532389405739;1
v8;-2.2584259495750705;-8.071434759435894;1
v9;28.436011482269237;6.723385331900582;1
v10;5.488993143637483;-18.03752836867683;1
v11;-48.82532638840918;12.86000716795414;1
v12;42.96387833823119;-7.029718946746742;1
v13;52.19846339933256;66.67281208489013;1
v14;76.18101414446143;31.670060354591634;1
v15;-13.249186016988496;50.02170361678233;1
v16;-5.586640016092984;-1.3277554738948472;1
v17;-103.95947507818875;16.697532109201788;1
v18;-38.130167873443206;13.580335571636594;1
v19;-6.984337863336505;7.291410864963853;1