dep;20.960526496342617;-11.838737654991492;0
v1;9.163477240720118;52.09095675742076;1
v2;17.501119456857044;1.04519814656339;1
v3;-14.56178579819542;9.803148075848462;1
v4;75.43734103533275;-22.49198475064881;1
v5;-31.362761726710954;16.652693186712497;1
v6;-78.74955330889874;-38.91823070864964;1
v7;-11.966789055885314;22.908402077066288;1
v8;-25.95804304093586;5.410515506958977;1
v9;7.34131786873606;10.735347051516149;1
v10;-53.032229685312274;26.84985881577337;1
v11;-1.154129857070505;-0.37802821796960634;1
v12;59.49244177659613;-14.941863201138379;1
v13;-25.633858478841884;10.48798854239624;1
v14;-38.09332258714911;-60.66093938732946;1
v15;-12.151887834402933;4.3243762430670225;1
v16;8.356236342674327;0.7326544938219588;1
v17;-65.89222250602475;29.14903495262919;1
v18;-2.9179416064252925;8.308273237192902;1
v19;-3.459028023626804;-43.16233801532223;1
v20;123.52905712689213;2.995350174524903;1
v21;25.88989573300842;32.41152958146132;1
v22;-4.6920545359105414;-2.2842633536188037;1
v23;-70.24605504851242;-1.8108067432073907;1
v24;12.5467352954809;-27.859960260216166;1
v25;109.4307256079884;89.29390573339042;1
v26;3.4123299004528294;-4.1293946480159205;1
v27;3.9177317509305403;-59.81550394333279;1
v28;9.562556825002007;15.580569288058816;1
v29;-0.5886592305610897;2.4914126320282333;1
v30;-6.286418049355772;-53.1974693505904;1
v31;-17.337108919354694;33.06916887903623;1
v32;37.80926529453166;-27.715016310514105;1
v33;-63.23994921209543;6.834445105422713;1
v34;-14.855128006667739;2.8743603208206077;1
v35;19.89510581129265;11.332247261634409;1
v36;10.311228580586747;5.186584762878432;1
v37;-10.52811406249974;-18.36674233009419;1
v38;-91.65637386517766;21.89000514306785;1
v39;-72.42578684267356;-2.6434401572463484;1
v40;38.50530743528307;27.244368013421795;1
v41;18.92195687344064;-27.896665179552954;1
v42;4.063323722539819;108.40195169449441;1
v43;11.708407169956736;-23.204612084606676;1
v44;-18.600601034643013;20.475079136176255;1
v45;-32.64862346612876;22.047218350081796;1
v46;101.64719383132037;-6.4292618545281375;1
v47;33.35583878768662;-8.05147570117604;1
v48;-0.726998961494175;-2.55991793875725;1
v49;14.845045654035173;-17.16733402794546;1
v50;-37.566774375588835;-25.688784722761266;1
v51;-1.8189867131236954;-5.181663883717504;1
v52;28.067706042830576;17.407349837257378;1
v53;-9.96551611906214;-20.575058341079874;1
v54;46.909634671734274;98.65609976804181;1
v55;-13.039467541863065;11.992659219270626;1
v56;11.839408222509997;12.602972438965631;1
v57;-16.68158383818181;-15.724270122129079;1
v58;-5.062087684885603;14.343763385036516;1
v59;-14.05057754762597;-61.134769705926665;1
v60;-39.81700934646717;-38.93195602809948;1
v61;-2.2555789375294504;-8.05479699247341;1
v62;-1.98064306810491;-7.885669081394559;1
v63;-15.510117690858678;-22.03675185338528;1
v64;-3.918578727290536;1.1694451625776525;1
v65;-15.07032904712302;26.933799286698484;1
v66;18.904038765536292;12.53150114711924;1
v67;-5.829890890037611;-32.04178438100124;1
v68;64.72182208246382;39.50273409223539;1
v69;37.603459964896494;-113.29072814325671;1
v70;4.40778391083142;27.879252128023154;1
v71;-2.234913905294466;5.8219112301326;1
v72;23.65270455612732;32.96053327038656;1
v73;-17.731783451115227;-8.509927919342475;1
v74;12.369633298301645;-0.7404186562533812;1
v75;-9.193400216577794;12.422421565778444;1
v76;41.53553730576081;-15.30621135304051;1
v77;3.0214100710967444;2.616767872359725;1
v78;-18.00829271960287;-45.09097005929495;1
v79;-27.791250337033908;-39.55256371712891;1
v80;-25.03317038397326;-19.437330552148413;1
v81;20.962117880443152;-2.1469685521199775;1
v82;15.716186962789338;-27.47959698099177;1
v83;0.2708223747569771;-0.020302618935744487;1
v84;-80.42041371058023;-29.277166021334864;1
v85;3.0880066829294113;0.2756431892611806;1
v86;13.933359977165393;-13.290421850322337;1
v87;93.226103888768;-21.392357376365776;1
v88;94.4460467322108;68.49836806666605;1
v89;50.59998109587307;-45.200092438133886;1
v90;-20.98430843748698;16.650562651469368;1
v91;45.72005765693049;-16.89563526911538;1
v92;-35.53333243479094;34.928230619588184;1
v93;-38.216350046258846;3.553445730388661;1
v94;-18.450430551388205;-55.95492364371804;1
v95;-59.685013559072395;-50.381570399750295;1
v96;-6.8036055390116115;-7.725015583746751;1
v97;7.989569417437769;5.83511545310782;1
v98;42.69201341914881;-18.370395652506666;1
v99;7.815012002099967;3.470700422076794;1