dep;18.069175765192345;-52.33673739768519;0
v1;0.6097212850822099;-0.34442105900105585;1
v2;-28.37752637740815;55.25836401055881;1
v3;-9.653947538811645;4.22515426269791;1
v4;2.4612979627004266;-40.533849598128164;1
v5;1.5781088334055189;-13.29343430483415;1
v6;-8.693615677242818;4.221581634847989;1
v7;20.975948284349993;20.302770461018635;1
v8;-20.07548827605881;15.002986511646615;1
v9;9.076332648899674;1.0366634829092298;1
v10;48.70632493780806;-77.61253246121191;1
v11;29.285261690461937;10.985664292467973;1
v12;1.2702436303484288;-1.2140790075506371;1
v13;26.530549707587344;-19.019949837357448;1
v14;27.904249318570532;5.832570715072846;1
v15;17.653869809432052;51.363559649103095;1
v16;-32.5443268511852;-40.30278291771657;1
v17;-41.69717168225246;84.26438341317679;1
v18;-87.29599972382633;-3.3794946485452;1
v19;-4.590916690191884;-7.680619078776077;1
v20;-4.496885725958743;-14.50939018228704;1
v21;-17.02019174335045;-27.481460978874914;1
v22;-6.993142158871657;9.173650843885223;1
v23;-1.9694841504194571;-13.818378485609372;1
v24;-24.27870193691847;-65.23833495605128;1
v25;-18.55925475294886;1.839377823643268;1
v26;-37.86491131939377;-28.098788948297067;1
v27;22.851474438479542;73.94056868327033;1
v28;34.76314995928746;36.792362631960906;1
v29;34.34846315463743;72.34835992193673;1
v30;6.469928641984725;19.86089838052409;1
v31;-22.80213952163653;-14.435927448012928;1
v32;-49.179301307550666;19.318146364313257;1
v33;26.937995520135164;-14.807492610532107;1
v34;22.947958659582408;2.175528984384121;1
v35;0.0011230309265273452;2.3379249743791783;1
v36;17.074180979512263;-18.416075473845517;1
v37;-0.563966352782914;1.3490630747146806;1
v38;-33.63425440115771;-1.4595806056365255;1
v39;-13.92175575873811;23.134460718513658;1
v40;32.716311839786385;-90.38650817789812;1
v41;-0.052903865764980455;-16.268121549439744;1
v42;20.011495269348814;-4.625963302962029;1
v43;45.9346692792275;-43.32939465155627;1
v44;-32.651535210903376;-34.76654257617062;1
v45;-17.59468391826239;-10.188659013617913;1
v46;-6.349449863871741;-78.35406414245236;1
v47;-0.548985135473723;18.777733577357637;1
v48;-12.90728787106301;-5.157348311107872;1
v49;1.0905569433700149;-5.141820958639792;1
v50;50.965298792769495;35.29500432810677;1
v51;4.1157400541044495;-12.551635185655071;1
v52;127.50208472697406;56.992761970969056;1
v53;2.7928723570544807;-0.1141246564814375;1
v54;12.583004138641824;5.314067877951419;1
v55;16.24876359477265;12.79807028304125;1
v56;-1.7115029758911007;112.57573481513474;1
v57;-47.47045045200396;-14.232049752211061;1
v58;11.050352477774904;20.34778599465883;1
v59;-2.2878548894848363;47.96267361800073;1
v60;-13.915061981383005;-23.4007536390273;1
v61;-2.927063530653331;0.22453063915204638;1
v62;3.0699166777663467;-50.45100821741695;1
v63;13.98966495937159;102.52687425101418;1
v64;9.659800024751707;4.121193094097409;1
v65;41.17513196705953;42.157028030817926;1
v66;51.234357930802666;-34.54801237986384;1
v67;31.955552739693445;26.391012640751402;1
v68;38.35130375398717;-10.084593989570692;1
v69;12.727274289318435;-44.343093033689996;1
v70;45.38389974594711;15.06859381752118;1
v71;-2.8490164008885293;-42.10305967266439;1
v72;93.63422318151072;-40.72715596159046;1
v73;-3.0386235393518053;-43.767808909335656;1
v74;-40.738991345898796;-51.47332443377024;1
v75;-3.595096805394259;34.96719849622109;1
v76;-1.9063432974545014;-11.40853096789504;1
v77;3.342275811630494;-6.623865322082237;1
v78;21.58802592689901;3.2838924638207487;1
v79;0.20124595328024916;-40.253265202361334;1
v80;72.14517053594939;-60.036691407730046;1
v81;40.79398787190779;-4.6872430309445505;1
v82;-24.998422744873274;-11.512731880745676;1
v83;-15.905526130875678;10.556336679526204;1
v84;12.02338301506409;1.220976673309973;1
v85;19.029186852182573;23.455342741054533;1
v86;-61.9283332808347;-11.07172142494347;1
v87;-13.97329728247397;-28.795413169901558;1
v88;-21.683212483491165;-4.282039889454921;1
v89;-102.57866775853255;23.193537873806562;1
v90;-48.18038388203948;-14.929816365345447;1
v91;23.696544131938182;4.0223096628442185;1
v92;3.1534535342164913;-1.9064675925785222;1
v93;-18.751630025077862;46.37301467116659;1
v94;19.24729987359152;-81.78110506273089;1
v95;-2.9136910900316106;1.2872248193772247;1
v96;30.35877846973419;30.238964204746352;1
v97;26.728670575587334;-13.587088071202862;1
v98;7.718123426196148;9.809221099038037;1
v99;0.20972124214259036;-29.729322107759963;1
v100;3.425111010623091;42.386513373624645;1
v101;-10.835840186366392;1.8182493162780207;1
v102;3.829496020444392;7.358113333135718;1
v103;-66.05099398754653;1.115161519879466;1
v104;2.2913986406121283;-28.549592646593915;1
v105;-14.046287947797225;-41.13528219498605;1
v106;19.921133725610773;-12.152058461523998;1
v107;8.286721772343343;-12.02433219404259;1
v108;2.049526363417828;-17.944224481065458;1
v109;0.8773217764206807;-3.7866249920937616;1
v110;-30.23464910260533;12.566028729062541;1
v111;-20.942965643246655;-18.415326297568754;1
v112;0.9805113019266027;-11.66790572600114;1
v113;2.872507634330813;-11.070021014102158;1
v114;-64.0345573011054;-1.4061925302048437;1
v115;5.020458619145931;2.663798860809698;1
v116;-36.88405726282928;22.008004458794346;1
v117;5.009697448759185;52.543062556896245;1
v118;-16.49717814331215;-3.2797872228833027;1
v119;-0.502731004930963;-1.0288535022063112;1
v120;-9.242973426865355;39.37510610120715;1
v121;23.447483877952845;-19.317677889243317;1
v122;4.1383768460200425;-5.577355562217436;1
v123;18.57469991350815;20.30330685337371;1
v124;0.0375173460459846;0.41392711274146443;1
v125;88.14607062698026;-50.33046689475519;1
v126;1.5002667517603583;-11.88555227408623;1
v127;0.3093774947069213;-1.026521352379526;1
v128;-11.185488696192058;-13.098832787556226;1
v129;-31.34009322265856;-58.214958795785904;1
v130;14.604555053490518;-29.650643863452956;1
v131;-2.9169413617837745;14.14144471353413;1
v132;-2.8264786032364015;-32.97212596623774;1
v133;17.180447655584754;-32.17475567407913;1
v134;71.77853970763289;19.42795202846608;1
v135;-0.07656101587104072;-5.487336374410713;1
v136;34.930848092208336;-9.345510687804124;1
v137;-3.822515738952579;-27.068829597487692;1
v138;-12.89801704306325;13.150207944597078;1
v139;83.80154812328371;33.30177790904688;1
v140;-43.956521557860974;37.024429692039526;1
v141;-27.336829031887934;-4.11178705739603;1
v142;78.55275139888484;29.40717083913066;1
v143;-6.256283388504279;-9.152943255195556;1
v144;-14.778705400529704;24.38202447796492;1
v145;-49.353269645810826;-4.899183264949607;1
v146;14.316348225625818;62.86048688891258;1
v147;-5.694637899842666;-6.007645632371585;1
v148;-2.403198423435343;-35.28060949487516;1
v149;126.59241398912512;119.82857472310144;1
v150;-31.68117657689141;-28.690835088640682;1
v151;-24.38206205614246;29.727589564158244;1
v152;-54.1688002898421;-93.1546381358025;1
v153;8.621138706472903;22.66014312582655;1
v154;-8.69783469708725;18.813208650955207;1
v155;19.131120161859915;-82.32373548336224;1
v156;27.37535766348621;-26.8870329661892;1
v157;-12.471378030494657;-33.60439808224376;1
v158;10.703938289705176;-3.8223791061134778;1
v159;-9.903934244588823;47.4742196389592;1
v160;-0.8540229620087528;0.491383410802359;1
v161;22.12815945593052;-18.499694390452937;1
v162;1.8563089211462007;55.66860990357468;1
v163;-26.22479405403567;-29.103333596232993;1
v164;70.49965937016887;52.75615094616393;1
v165;18.99470905368745;-0.3598279915863877;1
v166;-0.48297197636845;14.093512548964549;1
v167;10.116922536744642;-5.2802394550125324;1
v168;28.531568451275103;1.3791609500378044;1
v169;0.6201436895407114;1.4580827501824258;1
v170;-8.951171514643075;59.38038761402687;1
v171;0.2079688995381159;8.185132997555307;1
v172;0.175953513442961;-11.15329181611427;1
v173;-116.34851876441785;34.4932883372458;1
v174;-8.829520042378263;45.0333006186088;1