dep;-1.3258443642194069;11.986446631614108;0
v1;-26.24277870919686;3.8791729881648958;1
v2;9.407766205050926;4.1488995574217995;1
v3;8.076378472472863;3.382029487682477;1
v4;82.53448840168348;-23.695950254342055;1
v5;11.626027574612332;10.858327889283316;1
v6;4.649124575645051;-42.81735772376647;1
v7;0.4839529037060139;0.22719248665001962;1
v8;-38.69388501684354;-74.15106845821754;1
v9;25.786372250149356;-39.863740326907255;1
v10;-80.5392974616068;89.33319764130658;1
v11;21.192997563537347;-17.828228809391415;1
v12;36.821993802136475;7.054273703901669;1
v13;0.48511501832016674;-0.041362828146020526;1
v14;-1.805002226685495;0.7068822520975927;1
v15;3.9447547697279717;30.773426850864823;1
v16;-3.4626007916602264;-8.458657074236811;1
v17;-71.92788394604881;-50.7541482516695;1
v18;0.6232059759928851;-23.309356135648024;1
v19;-51.421541793514514;69.83683824943144;1
v20;-1.7988834040442583;-1.2139206086195564;1
v21;20.165885368612308;1.75237698804601;1
v22;45.423946379169;32.645892531230245;1
v23;-29.74970663308759;15.120441428685854;1
v24;-3.3705479364969437;2.4411403452767444;1
v25;7.894666667731715;88.70761435849276;1
v26;7.764538509832881;22.862721843712183;1
v27;-12.19129124990908;22.5528039641051;1
v28;-11.652316386280848;5.261081284825268;1
v29;7.374328922264398;-9.10183904624037;1
v30;23.695012410274142;9.578238994051798;1
v31;-4.166442707713692;-9.569406470915295;1
v32;18.55969155740997;24.743405300276528;1
v33;39.6416742650695;-14.050288357004861;1
v34;76.94098506494778;-81.89514644672637;1
v35;17.521057906330604;6.411449094779784;1
v36;-16.329875666816655;9.473306244146391;1
v37;-8.746563338183176;-22.821183338528563;1
v38;3.4843658535189617;-8.797965415062508;1
v39;7.374579901994856;50.65937390804215;1
v40;6.605237062398555;5.923227366172914;1
v41;-51.66712651545465;51.00427051512606;1
v42;-7.357620029103106;12.391149736765932;1
v43;57.20261110342766;77.60340702206642;1
v44;-65.74341861856176;-59.832910743391935;1
v45;-9.074550931711856;50.344849578887654;1
v46;-78.92963328773152;41.17430858829417;1
v47;1.813992697556974;-17.170063479180623;1
v48;-0.104867847343753;102.30609334859031;1
v49;47.77041222515093;-39.70328222200814;1
v50;29.07041507427757;9.051335550743364;1
v51;13.233284142109259;18.57978024163853;1
v52;-5.66191904752265;43.18560625419912;1
v53;-36.43338190427281;-4.500841841375655;1
v54;-16.64211548770991;22.093258661345672;1
v55;14.365561833497138;-9.711433571264708;1
v56;40.85038243765373;-33.102265413409505;1
v57;28.00770990246484;5.5958729443147;1
v58;-20.30609955731946;-5.304409717549892;1
v59;-7.384689793682299;9.426711923531661;1
v60;-10.315248674968977;66.94738160502976;1
v61;70.41277198201665;8.434312977139387;1
v62;-37.823858276075384;-9.728130344776998;1
v63;-12.474972733574571;26.57791520544473;1
v64;17.247806153856462;-49.614582654609876;1
v65;-1.654452948772645;-68.55813139349443;1
v66;-38.36429941526445;-7.959464397673119;1
v67;0.3336154994851775;1.1477306094019302;1
v68;-0.44720994949613485;59.91411847806468;1
v69;57.461480126518396;-36.72280986259319;1
v70;63.826855223981426;-18.794218515554988;1
v71;12.572339453218344;29.422626616299322;1
v72;0.4708341871712207;-0.0914217444673396;1
v73;-20.50265286723378;29.405015824849627;1
v74;-1.6089569323738389;0.2994953280359274;1
v75;-15.94145046967138;0.15166113108148546;1
v76;-16.481808516069222;36.069650317389204;1
v77;-0.8190060953495695;-8.331292048396222;1
v78;-21.12920926342318;-82.24682208100758;1
v79;4.51204796960738;27.403965720954567;1
v80;8.047550040641251;-33.44663479494918;1
v81;-8.46084603497184;-64.04907801743785;1
v82;-61.223807285979156;4.077215918193071;1
v83;-22.593513519393618;-2.049093530668126;1
v84;-9.358258003697726;25.79182185883404;1
v85;-96.44461266230121;22.840009803920587;1
v86;5.969241268127894;-0.7346000972914781;1
v87;20.616177602184365;-19.26625142937211;1
v88;7.064607947989403;35.38088289007575;1
v89;-34.41801949957083;-22.59920135720038;1
v90;35.55243741715783;4.184069245841517;1
v91;-71.97865500677453;-27.42654130872233;1
v92;36.355618494867805;-38.8907354700399;1
v93;27.55398433975766;12.919250930011685;1
v94;-10.28746803542877;3.440019147951104;1
v95;49.24431582712476;-38.283683952558015;1
v96;40.29155492212525;25.804424186856693;1
v97;-10.493975808541355;-7.024291143778863;1
v98;-4.168298248821262;31.023061829221167;1
v99;-21.394070822307018;22.62717223559317;1
v100;-0.9885473974481152;-7.519526008219013;1
v101;-23.13080443847135;30.18424663413916;1
v102;-10.381790297409188;13.953617566673287;1
v103;-24.329622192147834;0.01442878887474827;1
v104;97.03078792438771;-111.71577854606596;1
v105;-56.95190387663218;24.885928977411343;1
v106;-4.483101023185165;21.83760114318687;1
v107;-45.51624874960931;-32.50390210720767;1
v108;17.81866862711352;-12.51880329856446;1
v109;25.566136422705288;1.9811432528880863;1
v110;-40.831517353437306;-1.4009808244805846;1
v111;26.70694084040469;5.055726871669626;1
v112;-15.326596193370603;-11.951597707697124;1
v113;9.386411951723733;5.892104394878667;1
v114;-9.155577752720705;4.094346637765283;1
v115;4.9244525165257915;1.6377196556101856;1
v116;3.104665154104888;1.5624926026317696;1
v117;22.56361415504061;22.938111869422613;1
v118;-84.68106084990784;-28.06283208526033;1
v119;-0.7369209334848084;21.180587169683193;1
v120;-3.8153626878479043;3.055126177224065;1
v121;48.64408812758859;6.427953055456019;1
v122;-15.139794543597088;-24.47081316959155;1
v123;31.001027662937055;50.52786513333706;1
v124;-8.304942547927851;28.73182182140296;1
v125;5.2850466113827235;2.2429453214252346;1
v126;-9.160930306812634;31.2471329138692;1
v127;-19.16050403606565;-21.13064898716665;1
v128;31.575267756350037;3.5057432229689747;1
v129;3.048099018588011;-16.6573757593259;1
v130;-8.50542639268001;-4.847996061677419;1
v131;-26.79251530891443;-69.88527466356351;1
v132;0.2339543926641724;10.592693675899516;1
v133;122.67235483006219;7.557911265504829;1
v134;4.967775483618832;-10.939065264108898;1
v135;60.75992243206593;33.352619163853305;1
v136;38.633835891526644;-1.2357782753933002;1
v137;-16.557627011169995;12.189055108004474;1
v138;38.623561046783756;30.076199444665594;1
v139;36.12005982356339;25.329690097024837;1
v140;-12.364269869657033;-54.495485203689476;1
v141;-2.367468736596668;4.304831430351883;1
v142;65.53899429881184;-90.70200612156454;1
v143;-1.9724804868057393;-4.845491233727471;1
v144;29.917648607903423;-14.822519015702161;1
v145;56.39652338743176;10.489519226786246;1
v146;-2.9538611445795997;-35.124559742515785;1
v147;18.768439108944424;7.8511895280872785;1
v148;39.65982884228337;-16.96796608452745;1
v149;-6.381758215360964;-7.534313703112513;1
v150;-25.29995006714184;78.96905744467087;1
v151;48.83319717859978;1.0261681966190022;1
v152;4.236450843580586;39.314152939752745;1
v153;1.092550120439862;2.494685602677107;1
v154;94.46630564217374;-73.83170561256804;1
v155;-3.200085809199962;27.00374876967786;1
v156;-3.5294091150731486;-3.6510594039348034;1
v157;-61.60919137425331;1.8186482872366325;1
v158;-8.632910699226;-12.213605932605391;1
v159;-29.22680293306611;-13.173750228015942;1
v160;-1.9290862905868953;-8.11129765917433;1
v161;12.912246529763195;24.086897082915993;1
v162;20.204425209195787;33.69094172131507;1
v163;30.857197219559684;3.638761215330546;1
v164;38.71373291240318;-3.1141615236440967;1
v165;33.55453913571894;-1.0039904682477474;1
v166;-7.077049027221548;-11.077125887458083;1
v167;-18.498378675318506;1.2939348092770564;1
v168;-38.33340602188869;47.35292947624261;1
v169;22.674213818044223;-0.005688286113594991;1
v170;-2.810043330042754;-69.28713776338161;1
v171;20.16747101477777;2.144478518025556;1
v172;-54.93829151264661;-17.78338184044341;1
v173;0.15426955776895268;0.8896470815504605;1
v174;-7.031048053335239;9.14250697081449;1
v175;1.0096327224791513;29.0467665539811;1
v176;-0.2723009061591797;-0.05628401844767317;1
v177;6.573169415899673;-9.37688176771942;1
v178;-2.067546357106498;4.363071906760298;1
v179;69.26258541993234;9.671715143617833;1
v180;-35.62708937601162;-34.58546820669893;1
v181;-10.85252477249291;-23.284139425290764;1
v182;-26.015412634423697;-84.37886767051789;1
v183;-15.031060616191747;28.083352885927486;1
v184;-38.78813053747144;18.87641689666973;1
v185;-16.720272865681398;-1.2205133561864319;1
v186;-13.913041971185509;16.62185934193713;1
v187;-58.95644242966237;21.02768276934809;1
v188;42.32538437548674;53.75354021410935;1
v189;0.8023938952732212;2.9332877173469876;1
v190;26.786722502234;-39.71153819245963;1
v191;74.25938928584628;-26.35934724464551;1
v192;-9.713909929888551;-43.550159606210364;1
v193;22.14555157801373;11.578114397458572;1
v194;-2.986998675967584;42.62943875551458;1
v195;22.24433915493959;-95.18039827089177;1
v196;-19.497606415575046;9.696567771048114;1
v197;-57.101015283841356;-48.29963900412019;1
v198;-52.52038346282743;48.023146560211906;1
v199;-66.29015319365423;3.8743570361875226;1
v200;16.428455812831054;29.972517636142427;1
v201;-4.712667649570496;16.190175160032027;1
v202;62.03763479336088;45.846785189632804;1
v203;30.65581289588303;-26.764683840029114;1
v204;-17.764630959829084;-24.02658798296042;1
v205;29.568059370590625;-74.34737614499389;1
v206;-22.63323834996282;5.8104146414715085;1
v207;-24.557679062072296;8.502500178340503;1
v208;1.287590710617603;0.12225565936127764;1
v209;-28.71979808525605;-11.981635568882803;1
v210;7.349386580445896;5.57377971710524;1
v211;1.1887196380639125;8.099307031950215;1
v212;22.291839395387633;-22.399410904776342;1
v213;13.324325980095322;31.699566640701068;1
v214;32.95736251704487;33.04137741714651;1
v215;-44.69894136864993;-24.02878380136104;1
v216;-43.499350975014046;33.52226560577824;1
v217;13.905641436061842;-16.695404382957825;1
v218;-27.748996733029646;-18.920325050040034;1
v219;-8.754757054136334;0.3233321537251371;1
v220;7.81608234327269;-26.245622530763917;1
v221;-14.777355871768311;19.353625968046213;1
v222;-4.716830637475211;-12.08531806329135;1
v223;3.0306671480258136;-8.31771427172349;1
v224;-21.161872325133746;77.62352814605686;1
v225;36.20747824681585;-19.478243656107793;1
v226;-43.353228636963436;-36.67382326384714;1
v227;-37.054275750257446;-66.5220031088034;1
v228;6.404052087531323;10.566220293508223;1
v229;-34.85692913843129;5.050753152547022;1
v230;8.36750124468205;-0.43960836518162244;1
v231;-3.8193964062524697;-2.132904237813953;1
v232;-6.2098369564902836;-8.71610786538996;1
v233;-8.551877414405428;60.78252239059364;1
v234;-25.5517740304225;50.70208502469466;1
v235;4.193888522253709;3.9158551382880806;1
v236;-16.162712003982726;-73.98253053297564;1
v237;66.78415145157587;-4.05185061521819;1
v238;-104.01640032677034;21.682991705264456;1
v239;-11.953718651368934;49.41292166597457;1
v240;9.38326466345882;-28.174224740753754;1
v241;16.482383794522086;-8.789112424904953;1
v242;4.339625603740968;0.7881802215235771;1
v243;9.010169204488658;-43.53296567535355;1
v244;10.475154024769196;10.184134835687761;1
v245;-12.211815693897723;-57.36650096379799;1
v246;-13.23415665758166;21.97380782928249;1
v247;40.77228320819878;33.88753508104888;1
v248;-2.3130253999096793;3.1831374948788587;1
v249;4.746134417932351;3.1436077772992377;1