dep;57.00810393285121;59.229626742567056;0
v1;-13.609743103360493;-16.07816899472141;1
v2;15.116442937364575;43.11614805511873;1
v3;10.323342433391867;-21.086501552437706;1
v4;-44.71339707810851;-56.687249759517755;1
v5;0.9108839312104181;0.6514084830445098;1
v6;-20.747471408689915;51.41675479216124;1
v7;48.84606434403899;54.388705736626015;1
v8;-13.506375974401465;-13.562271621732437;1
v9;30.927106461086318;50.16081397361106;1
v10;-19.228746401320596;45.57321690061141;1
v11;4.388403516520853;-3.4313104040640536;1
v12;-32.76182018614341;-12.173667144411093;1
v13;2.835008382286817;1.3161933343476035;1
v14;15.884510102514719;-27.5964873295223;1
v15;-0.02669716646915198;-1.0051629085882359;1
v16;-13.635642814381082;-14.555357327796543;1
v17;51.0271298151357;14.8309188433379;1
v18;11.310281409861924;-15.336582654513256;1
v19;-12.303691300446266;-16.598441899070522;1
v20;2.279825434439199;12.96304372471502;1
v21;-4.1186897012130945;-11.58540644545947;1
v22;-41.118343499181734;-18.036030269019644;1
v23;-36.991857262999076;-7.696453505114978;1
v24;16.99298002484145;-34.40445582413915;1
v25;-37.23758453861395;25.807929613895574;1
v26;43.756073901321265;13.477328827894594;1
v27;9.71876253386014;2.587053736337655;1
v28;3.2902853951685462;3.6027242351570714;1
v29;-0.03866321319407081;0.1045354417172144;1
v30;0.0960845920760776;-0.02763232617277992;1
v31;111.72788281551101;82.84828355439682;1
v32;-72.13064436694002;61.45787943272087;1
v33;5.912581574736627;-8.60409961548626;1
v34;28.03530247827272;4.117688187887104;1
v35;20.059782540397578;68.73805383952953;1
v36;1.753835677163532;5.628371603825141;1
v37;-56.544100447218476;-11.639757672065372;1
v38;-46.84688037748479;68.029295602704;1
v39;3.9764904837827024;51.114174348134576;1
v40;-58.33447819153913;-16.46290768200232;1
v41;40.166322471649224;-12.22281381736678;1
v42;9.85617490939712;-1.007501903421384;1
v43;6.788867178098383;-3.356812196009453;1
v44;-9.643267597875145;-33.391285358149815;1
v45;21.448726916299652;20.60656328667666;1
v46;0.6650248384763271;0.3498702375800783;1
v47;1.4535539807525797;47.560689956749016;1
v48;41.17131388569604;40.66007000012287;1
v49;-34.697820138465076;25.745724400241738;1
v50;40.79409130483278;24.767524057304612;1
v51;-44.280625199970224;-55.7487022714612;1
v52;6.194002563508285;29.95188346616176;1
v53;-46.76002230012462;-16.99331395550477;1
v54;-13.16499468980019;-82.56047029699145;1
v55;48.84615727315665;-42.31775000982989;1
v56;-74.28630174598509;-13.553910562227722;1
v57;12.826479438150812;-0.373228281635068;1
v58;1.4846189750789107;14.284977160948417;1
v59;-41.31512971475023;61.66924097630368;1
v60;-4.196108888651406;7.312385617307452;1
v61;5.75008960587975;3.894011284999048;1
v62;-24.62624649979093;16.2668496728408;1
v63;34.65800232230806;27.055158017915392;1
v64;0.272294134597269;-3.5233194936326595;1
v65;0.8451727363252681;-1.6729281816077972;1
v66;8.347694518165278;-29.87153112905321;1
v67;13.23381012384383;-2.6010062590137277;1
v68;25.157864133588575;0.9259130145907899;1
v69;-49.98682845171324;29.846816063926006;1
v70;-133.21939195449127;-10.070712680582186;1
v71;24.881373565026262;-3.1529954106888844;1
v72;12.813070661952862;10.913703424343984;1
v73;81.83411751980961;44.840445204442474;1
v74;-27.9032860282138;12.898755162430927;1
v75;-52.42646599766328;32.62082285142801;1
v76;-90.93384005800053;38.00330010537892;1
v77;55.43619623770543;8.498841087687545;1
v78;-22.656360215164952;12.619462309484756;1
v79;-55.49857726477502;-5.492173716917369;1
v80;10.487284951960275;18.262168711359838;1
v81;-31.026337332690826;-57.15589643118117;1
v82;17.991611449161518;6.983977359182869;1
v83;-2.877141363413876;-60.61688351332505;1
v84;9.705563689785427;-60.99297571749878;1
v85;-28.846459970745542;-13.637500231988717;1
v86;32.55351263453755;14.878453380913191;1
v87;11.709425540749306;18.34208850585147;1
v88;-45.87718042142965;30.297936952833513;1
v89;24.08649528024726;-75.40427803299838;1
v90;-0.1878869727086044;-0.4140182181979116;1
v91;82.1326076938769;11.481706591851607;1
v92;-0.8370032142423826;-4.29870410724519;1
v93;104.18994772591827;-57.70025770733814;1
v94;31.840798436349807;22.910328861669775;1
v95;-45.97410919593612;68.74631787610177;1
v96;64.5202531578361;42.8905781377248;1
v97;-23.268997737491624;-16.81185926382256;1
v98;14.747708193631276;-28.361235934913374;1
v99;4.59644185565213;2.3942797425814297;1
v100;-8.316041894000183;-7.980656629237576;1
v101;-1.4018421411504374;5.195593228592948;1
v102;-20.94782152558512;-21.38726361637205;1
v103;59.857862592712074;119.1156113291824;1
v104;-91.33655431719463;-25.592013299565796;1
v105;-49.47424309100036;41.39390566002935;1
v106;101.8856772731328;-28.994437424302838;1
v107;4.653779927204684;6.456855389812608;1
v108;48.60441923828184;9.578538953142013;1
v109;1.5648336051556835;-17.182566491493567;1
v110;-52.165814951881636;-78.73169717083756;1
v111;-3.1535902676628615;-13.384278463633553;1
v112;-9.961805838214847;-52.04426228692486;1
v113;-25.07846537314484;29.553532782716335;1
v114;32.644418120440456;15.609142374075374;1
v115;-12.30418331809142;-27.919123298826424;1
v116;-61.4169133300513;36.341589152503154;1
v117;-1.650471885372583;-41.399354144958394;1
v118;7.438835708624855;47.94181771473169;1
v119;-84.37435798103685;-9.773759621776877;1
v120;-11.321893820662202;7.024980892969302;1
v121;51.59488930081849;-0.9548852950612079;1
v122;-11.437573435631485;-25.868525893071904;1
v123;107.54551341633395;-91.09838124653027;1
v124;-10.525699511101092;13.823879404641158;1
v125;-50.189405350563426;-51.37581457281562;1
v126;-62.27505642298164;3.395935602723989;1
v127;47.01894082593876;-44.257549122263015;1
v128;-2.59647015222161;-15.00706083186079;1
v129;12.524169102277574;15.557659250016435;1
v130;68.7241697468352;2.1147205059166074;1
v131;-7.635824229598899;47.15648351159;1
v132;-29.102885498960948;-47.50243576826492;1
v133;15.807200116142825;-17.061498151426665;1
v134;33.45315794637978;11.448050924090326;1
v135;-7.858540194793275;2.7877397181727863;1
v136;7.047394428779538;-19.51288158011041;1
v137;43.273568071043954;3.727947293258658;1
v138;-60.59132116428111;-32.185126614717596;1
v139;1.6909188441798577;-0.15613592349020128;1
v140;-3.9829921376508026;56.03568857715033;1
v141;41.27595239034029;3.7993603178546396;1
v142;-52.140385692693656;54.191150984376556;1
v143;15.798734619654528;-20.625695451433938;1
v144;1.5987145765153334;21.339224406658396;1
v145;78.75413384946452;47.41361986060005;1
v146;7.832159281014893;41.569976652360616;1
v147;-4.624385001567603;-7.293734956757618;1
v148;-12.64215812683675;-6.258360441342378;1
v149;7.20828313205811;-1.9488172652808904;1
v150;-83.54965678642589;11.522798937972196;1
v151;47.75267262333459;-9.730067328808289;1
v152;-2.3067631462473983;-1.1977617182228177;1
v153;1.823824349523472;1.0937861683913594;1
v154;-8.757557067049884;36.782853511391195;1
v155;1.9497512712147544;0.39483751254310157;1
v156;39.54402100254104;-72.7128245318459;1
v157;0.6917834266093119;-11.697405661687323;1
v158;12.183773293642288;6.72130155254567;1
v159;-84.58734740868455;-8.474394259537585;1
v160;43.6866080651793;-10.624974811736575;1
v161;0.6443303924836183;-13.072566888091925;1
v162;-4.301613702724965;30.482453719132504;1
v163;-18.689370311815665;7.300438732027226;1
v164;73.8483582202354;-50.99581092841455;1
v165;0.40957364605218044;1.8356024056273175;1
v166;33.34586694600237;-8.257781879946434;1
v167;-7.8536751963870906;-13.329892648188032;1
v168;1.2145885999541943;2.981294451218094;1
v169;5.20982301937528;-37.14229315217607;1
v170;-7.401604117396304;-12.255709011664084;1
v171;-15.838847498726231;-23.53947195808978;1
v172;-11.659279409027206;-40.8241578325473;1
v173;-28.95908105312726;-48.21356269221327;1
v174;14.765499553349736;28.26969653802542;1