dep;0.6827590389804444;0.242347737349892;0
loc1;37.0;86.0;1
loc2;35.0;87.0;1
loc3;16.0;35.0;1
loc4;1.0;28.0;1
loc5;53.0;76.0;1
loc6;64.0;96.0;1
loc7;67.0;18.0;1
loc8;45.0;37.0;1
loc9;47.0;76.0;1
loc10;47.0;70.0;1
loc11;81.0;93.0;1
loc12;7.0;95.0;1
loc13;6.0;29.0;1
loc14;77.0;70.0;1
loc15;40.0;32.0;1
loc16;24.0;64.0;1
loc17;84.0;67.0;1
loc18;11.0;56.0;1
loc19;30.0;80.0;1
loc20;96.0;69.0;1
loc21;32.0;12.0;1
loc22;9.0;14.0;1
loc23;20.0;60.0;1
loc24;55.0;86.0;1
loc25;92.0;1.0;1
loc26;66.0;5.0;1
loc27;76.0;78.0;1
loc28;92.0;20.0;1
loc29;47.0;9.0;1
loc30;65.0;49.0;1
loc31;3.0;49.0;1
loc32;16.0;7.0;1
loc33;48.0;43.0;1
loc34;69.0;62.0;1
loc35;72.0;42.0;1
loc36;39.0;78.0;1
loc37;88.0;17.0;1
loc38;18.0;15.0;1
loc39;3.0;97.0;1
loc40;93.0;60.0;1
loc41;87.0;41.0;1
loc42;73.0;0.0;1
loc43;25.0;30.0;1
loc44;94.0;3.0;1
loc45;19.0;27.0;1
loc46;36.0;81.0;1
loc47;70.0;50.0;1
loc48;2.0;98.0;1
loc49;47.0;22.0;1