dep;0.9877251671270187;0.029890556760838183;0
loc1;68.0;23.0;1
loc2;31.0;42.0;1
loc3;24.0;94.0;1
loc4;6.0;38.0;1
loc5;18.0;93.0;1
loc6;7.0;49.0;1
loc7;10.0;49.0;1
loc8;94.0;43.0;1
loc9;87.0;68.0;1
loc10;42.0;28.0;1
loc11;0.0;33.0;1
loc12;75.0;83.0;1
loc13;71.0;57.0;1
loc14;50.0;46.0;1
loc15;58.0;95.0;1
loc16;63.0;42.0;1
loc17;78.0;1.0;1
loc18;94.0;3.0;1
loc19;74.0;55.0;1
loc20;36.0;88.0;1
loc21;70.0;34.0;1
loc22;50.0;18.0;1
loc23;23.0;45.0;1
loc24;40.0;58.0;1
loc25;6.0;88.0;1
loc26;92.0;81.0;1
loc27;0.0;39.0;1
loc28;94.0;79.0;1
loc29;76.0;37.0;1
loc30;36.0;44.0;1
loc31;33.0;79.0;1
loc32;31.0;56.0;1
loc33;64.0;75.0;1
loc34;81.0;47.0;1
loc35;78.0;82.0;1
loc36;34.0;61.0;1
loc37;10.0;38.0;1
loc38;5.0;46.0;1
loc39;49.0;93.0;1
loc40;95.0;94.0;1
loc41;59.0;8.0;1
loc42;72.0;4.0;1
loc43;11.0;16.0;1
loc44;51.0;54.0;1
loc45;29.0;47.0;1
loc46;49.0;3.0;1
loc47;67.0;3.0;1
loc48;78.0;48.0;1
loc49;34.0;76.0;1
loc50;71.0;44.0;1
loc51;86.0;79.0;1
loc52;35.0;18.0;1
loc53;44.0;87.0;1
loc54;53.0;73.0;1
loc55;73.0;67.0;1
loc56;88.0;56.0;1
loc57;39.0;91.0;1
loc58;89.0;16.0;1
loc59;33.0;21.0;1
loc60;78.0;31.0;1
loc61;32.0;80.0;1
loc62;92.0;47.0;1
loc63;57.0;52.0;1
loc64;80.0;72.0;1
loc65;48.0;40.0;1
loc66;60.0;31.0;1
loc67;78.0;74.0;1
loc68;5.0;28.0;1
loc69;58.0;45.0;1
loc70;80.0;70.0;1
loc71;90.0;77.0;1
loc72;48.0;87.0;1
loc73;72.0;42.0;1
loc74;87.0;31.0;1
loc75;81.0;31.0;1
loc76;7.0;86.0;1
loc77;43.0;7.0;1
loc78;1.0;63.0;1
loc79;39.0;43.0;1
loc80;53.0;47.0;1
loc81;37.0;8.0;1
loc82;32.0;63.0;1
loc83;59.0;70.0;1
loc84;46.0;98.0;1
loc85;74.0;38.0;1
loc86;36.0;22.0;1
loc87;5.0;29.0;1
loc88;94.0;7.0;1
loc89;16.0;51.0;1
loc90;59.0;45.0;1
loc91;52.0;56.0;1
loc92;49.0;24.0;1
loc93;96.0;21.0;1
loc94;85.0;79.0;1
loc95;48.0;18.0;1
loc96;77.0;41.0;1
loc97;7.0;23.0;1
loc98;84.0;81.0;1
loc99;96.0;89.0;1