dep;0.8345636702497838;0.05761798483032776;0
loc1;72.0;56.0;1
loc2;95.0;19.0;1
loc3;44.0;80.0;1
loc4;75.0;6.0;1
loc5;55.0;80.0;1
loc6;56.0;70.0;1
loc7;36.0;4.0;1
loc8;9.0;94.0;1
loc9;19.0;94.0;1
loc10;43.0;61.0;1
loc11;77.0;92.0;1
loc12;6.0;93.0;1
loc13;69.0;17.0;1
loc14;9.0;9.0;1
loc15;90.0;88.0;1
loc16;2.0;66.0;1
loc17;61.0;72.0;1
loc18;22.0;94.0;1
loc19;93.0;42.0;1
loc20;46.0;93.0;1
loc21;82.0;31.0;1
loc22;66.0;77.0;1
loc23;50.0;13.0;1
loc24;91.0;26.0;1
loc25;63.0;83.0;1
loc26;49.0;80.0;1
loc27;14.0;27.0;1
loc28;52.0;18.0;1
loc29;77.0;72.0;1
loc30;76.0;83.0;1
loc31;81.0;20.0;1
loc32;31.0;42.0;1
loc33;67.0;6.0;1
loc34;24.0;94.0;1
loc35;72.0;21.0;1
loc36;11.0;68.0;1
loc37;68.0;75.0;1
loc38;98.0;91.0;1
loc39;3.0;25.0;1
loc40;80.0;23.0;1
loc41;72.0;96.0;1
loc42;29.0;62.0;1
loc43;95.0;48.0;1
loc44;9.0;88.0;1
loc45;58.0;53.0;1
loc46;94.0;9.0;1
loc47;21.0;64.0;1
loc48;84.0;25.0;1
loc49;10.0;52.0;1
loc50;84.0;39.0;1
loc51;48.0;46.0;1
loc52;57.0;79.0;1
loc53;60.0;10.0;1
loc54;72.0;87.0;1
loc55;67.0;63.0;1
loc56;3.0;29.0;1
loc57;59.0;83.0;1
loc58;81.0;75.0;1
loc59;64.0;61.0;1
loc60;65.0;36.0;1
loc61;23.0;44.0;1
loc62;20.0;23.0;1
loc63;70.0;25.0;1
loc64;38.0;30.0;1
loc65;51.0;76.0;1
loc66;33.0;29.0;1
loc67;23.0;76.0;1
loc68;68.0;73.0;1
loc69;84.0;9.0;1
loc70;43.0;76.0;1
loc71;74.0;52.0;1
loc72;37.0;27.0;1
loc73;43.0;66.0;1
loc74;67.0;28.0;1
loc75;1.0;17.0;1
loc76;36.0;5.0;1
loc77;93.0;96.0;1
loc78;9.0;54.0;1
loc79;28.0;90.0;1
loc80;20.0;78.0;1
loc81;74.0;31.0;1
loc82;6.0;77.0;1
loc83;80.0;39.0;1
loc84;5.0;43.0;1
loc85;37.0;28.0;1
loc86;64.0;65.0;1
loc87;16.0;39.0;1
loc88;48.0;34.0;1
loc89;65.0;58.0;1
loc90;45.0;4.0;1
loc91;47.0;97.0;1
loc92;71.0;81.0;1
loc93;80.0;87.0;1
loc94;43.0;92.0;1
loc95;70.0;84.0;1
loc96;26.0;37.0;1
loc97;46.0;5.0;1
loc98;92.0;34.0;1
loc99;95.0;32.0;1
loc100;71.0;49.0;1
loc101;69.0;23.0;1
loc102;39.0;51.0;1
loc103;33.0;88.0;1
loc104;26.0;78.0;1
loc105;76.0;91.0;1
loc106;41.0;90.0;1
loc107;76.0;64.0;1
loc108;53.0;58.0;1
loc109;86.0;15.0;1
loc110;88.0;83.0;1
loc111;86.0;54.0;1
loc112;49.0;63.0;1
loc113;36.0;58.0;1
loc114;71.0;68.0;1
loc115;19.0;19.0;1
loc116;90.0;30.0;1
loc117;64.0;54.0;1
loc118;32.0;71.0;1
loc119;45.0;72.0;1
loc120;26.0;74.0;1
loc121;94.0;33.0;1
loc122;99.0;96.0;1
loc123;85.0;78.0;1
loc124;87.0;52.0;1
loc125;2.0;62.0;1
loc126;93.0;70.0;1
loc127;75.0;28.0;1
loc128;67.0;91.0;1
loc129;35.0;58.0;1
loc130;50.0;11.0;1
loc131;74.0;74.0;1
loc132;23.0;31.0;1
loc133;41.0;97.0;1
loc134;34.0;94.0;1
loc135;24.0;34.0;1
loc136;1.0;71.0;1
loc137;87.0;68.0;1
loc138;89.0;50.0;1
loc139;7.0;32.0;1
loc140;19.0;8.0;1
loc141;14.0;50.0;1
loc142;38.0;5.0;1
loc143;53.0;95.0;1
loc144;15.0;66.0;1
loc145;95.0;81.0;1
loc146;47.0;67.0;1
loc147;63.0;55.0;1
loc148;25.0;39.0;1
loc149;41.0;79.0;1
loc150;14.0;50.0;1
loc151;86.0;7.0;1
loc152;65.0;49.0;1
loc153;44.0;20.0;1
loc154;37.0;22.0;1
loc155;4.0;46.0;1
loc156;91.0;94.0;1
loc157;54.0;84.0;1
loc158;43.0;4.0;1
loc159;64.0;51.0;1
loc160;46.0;43.0;1
loc161;82.0;87.0;1
loc162;8.0;53.0;1
loc163;30.0;58.0;1
loc164;72.0;56.0;1
loc165;47.0;42.0;1
loc166;88.0;25.0;1
loc167;43.0;86.0;1
loc168;24.0;91.0;1
loc169;45.0;29.0;1
loc170;60.0;14.0;1
loc171;90.0;90.0;1
loc172;70.0;42.0;1
loc173;79.0;16.0;1
loc174;51.0;32.0;1
loc175;53.0;30.0;1
loc176;38.0;63.0;1
loc177;81.0;88.0;1
loc178;26.0;59.0;1
loc179;59.0;78.0;1
loc180;4.0;99.0;1
loc181;60.0;53.0;1
loc182;68.0;86.0;1
loc183;83.0;27.0;1
loc184;98.0;6.0;1
loc185;25.0;26.0;1
loc186;18.0;52.0;1
loc187;23.0;19.0;1
loc188;41.0;43.0;1
loc189;25.0;38.0;1
loc190;11.0;19.0;1
loc191;94.0;51.0;1
loc192;37.0;2.0;1
loc193;71.0;99.0;1
loc194;9.0;99.0;1
loc195;74.0;83.0;1
loc196;42.0;47.0;1
loc197;11.0;59.0;1
loc198;34.0;57.0;1
loc199;22.0;43.0;1
loc200;49.0;73.0;1
loc201;96.0;73.0;1
loc202;47.0;78.0;1
loc203;85.0;66.0;1
loc204;91.0;10.0;1
loc205;91.0;26.0;1
loc206;35.0;19.0;1
loc207;76.0;31.0;1
loc208;42.0;39.0;1
loc209;49.0;2.0;1
loc210;20.0;84.0;1
loc211;95.0;42.0;1
loc212;84.0;90.0;1
loc213;61.0;53.0;1
loc214;37.0;99.0;1
loc215;64.0;61.0;1
loc216;79.0;90.0;1
loc217;59.0;28.0;1
loc218;30.0;43.0;1
loc219;74.0;65.0;1
loc220;68.0;10.0;1
loc221;9.0;52.0;1
loc222;99.0;91.0;1
loc223;55.0;92.0;1
loc224;90.0;67.0;1
loc225;38.0;99.0;1
loc226;49.0;54.0;1
loc227;26.0;50.0;1
loc228;65.0;37.0;1
loc229;49.0;52.0;1
loc230;66.0;62.0;1
loc231;5.0;98.0;1
loc232;7.0;39.0;1
loc233;78.0;33.0;1
loc234;96.0;7.0;1
loc235;44.0;27.0;1
loc236;52.0;73.0;1
loc237;88.0;75.0;1
loc238;86.0;71.0;1
loc239;43.0;65.0;1
loc240;51.0;50.0;1
loc241;76.0;11.0;1
loc242;82.0;45.0;1
loc243;95.0;4.0;1
loc244;38.0;88.0;1
loc245;36.0;2.0;1
loc246;53.0;28.0;1
loc247;29.0;37.0;1
loc248;6.0;60.0;1
loc249;24.0;94.0;1