dep;0.9817901576332624;0.5037036329582638;0
loc1;77.0;58.0;1
loc2;86.0;20.0;1
loc3;61.0;22.0;1
loc4;6.0;25.0;1
loc5;73.0;10.0;1
loc6;73.0;83.0;1
loc7;49.0;13.0;1
loc8;22.0;57.0;1
loc9;12.0;54.0;1
loc10;94.0;52.0;1
loc11;81.0;47.0;1
loc12;68.0;17.0;1
loc13;89.0;69.0;1
loc14;95.0;62.0;1
loc15;3.0;35.0;1
loc16;90.0;5.0;1
loc17;66.0;93.0;1
loc18;65.0;94.0;1
loc19;24.0;40.0;1
loc20;62.0;81.0;1
loc21;48.0;47.0;1
loc22;87.0;5.0;1
loc23;50.0;68.0;1
loc24;60.0;95.0;1
loc25;32.0;46.0;1
loc26;69.0;10.0;1
loc27;25.0;75.0;1
loc28;25.0;79.0;1
loc29;66.0;51.0;1
loc30;6.0;45.0;1
loc31;32.0;52.0;1
loc32;77.0;16.0;1
loc33;21.0;27.0;1
loc34;71.0;56.0;1
loc35;13.0;76.0;1
loc36;5.0;10.0;1
loc37;32.0;9.0;1
loc38;21.0;63.0;1
loc39;86.0;19.0;1
loc40;81.0;4.0;1
loc41;58.0;79.0;1
loc42;10.0;45.0;1
loc43;36.0;35.0;1
loc44;35.0;37.0;1
loc45;27.0;79.0;1
loc46;59.0;63.0;1
loc47;23.0;29.0;1
loc48;2.0;45.0;1
loc49;69.0;73.0;1
loc50;79.0;62.0;1
loc51;7.0;81.0;1
loc52;15.0;98.0;1
loc53;67.0;36.0;1
loc54;74.0;2.0;1
loc55;5.0;9.0;1
loc56;87.0;41.0;1
loc57;41.0;94.0;1
loc58;78.0;95.0;1
loc59;51.0;24.0;1
loc60;50.0;15.0;1
loc61;49.0;77.0;1
loc62;42.0;36.0;1
loc63;3.0;32.0;1
loc64;33.0;98.0;1
loc65;90.0;66.0;1
loc66;41.0;88.0;1
loc67;59.0;82.0;1
loc68;1.0;24.0;1
loc69;29.0;80.0;1
loc70;23.0;78.0;1
loc71;90.0;29.0;1
loc72;13.0;17.0;1
loc73;90.0;23.0;1
loc74;52.0;86.0;1
loc75;9.0;93.0;1
loc76;23.0;54.0;1
loc77;23.0;67.0;1
loc78;38.0;44.0;1
loc79;71.0;20.0;1
loc80;70.0;54.0;1
loc81;1.0;59.0;1
loc82;38.0;74.0;1
loc83;1.0;36.0;1
loc84;77.0;53.0;1
loc85;84.0;72.0;1
loc86;67.0;99.0;1
loc87;18.0;69.0;1
loc88;34.0;52.0;1
loc89;19.0;21.0;1
loc90;73.0;47.0;1
loc91;88.0;89.0;1
loc92;60.0;86.0;1
loc93;69.0;51.0;1
loc94;39.0;23.0;1
loc95;60.0;61.0;1
loc96;50.0;66.0;1
loc97;77.0;60.0;1
loc98;30.0;64.0;1
loc99;61.0;20.0;1