dep;0.06141081369203716;0.20108735338581962;0
loc1;45.0;28.0;1
loc2;69.0;14.0;1
loc3;56.0;20.0;1
loc4;69.0;41.0;1
loc5;94.0;51.0;1
loc6;29.0;49.0;1
loc7;39.0;13.0;1
loc8;96.0;46.0;1
loc9;59.0;94.0;1
loc10;5.0;14.0;1
loc11;67.0;57.0;1
loc12;62.0;21.0;1
loc13;95.0;86.0;1
loc14;76.0;55.0;1
loc15;81.0;18.0;1
loc16;99.0;22.0;1
loc17;88.0;22.0;1
loc18;9.0;66.0;1
loc19;58.0;54.0;1
loc20;73.0;26.0;1
loc21;28.0;85.0;1
loc22;45.0;51.0;1
loc23;43.0;63.0;1
loc24;40.0;3.0;1
loc25;68.0;10.0;1
loc26;31.0;28.0;1
loc27;89.0;82.0;1
loc28;45.0;36.0;1
loc29;20.0;0.0;1
loc30;75.0;98.0;1
loc31;89.0;94.0;1
loc32;22.0;91.0;1
loc33;88.0;5.0;1
loc34;30.0;31.0;1
loc35;65.0;96.0;1
loc36;47.0;58.0;1
loc37;0.0;81.0;1
loc38;63.0;16.0;1
loc39;37.0;98.0;1
loc40;56.0;81.0;1
loc41;12.0;30.0;1
loc42;5.0;97.0;1
loc43;11.0;65.0;1
loc44;48.0;4.0;1
loc45;20.0;94.0;1
loc46;90.0;26.0;1
loc47;30.0;92.0;1
loc48;99.0;19.0;1
loc49;41.0;50.0;1
loc50;2.0;5.0;1
loc51;58.0;25.0;1
loc52;8.0;23.0;1
loc53;89.0;79.0;1
loc54;41.0;79.0;1
loc55;74.0;65.0;1
loc56;43.0;72.0;1
loc57;31.0;80.0;1
loc58;79.0;2.0;1
loc59;23.0;54.0;1
loc60;12.0;74.0;1
loc61;68.0;69.0;1
loc62;83.0;13.0;1
loc63;32.0;74.0;1
loc64;69.0;6.0;1
loc65;10.0;92.0;1
loc66;39.0;61.0;1
loc67;0.0;26.0;1
loc68;55.0;80.0;1
loc69;9.0;67.0;1
loc70;58.0;84.0;1
loc71;57.0;93.0;1
loc72;58.0;28.0;1
loc73;36.0;58.0;1
loc74;22.0;18.0;1
loc75;76.0;8.0;1
loc76;64.0;98.0;1
loc77;96.0;83.0;1
loc78;61.0;46.0;1
loc79;85.0;14.0;1
loc80;57.0;80.0;1
loc81;85.0;62.0;1
loc82;91.0;3.0;1
loc83;31.0;27.0;1
loc84;93.0;80.0;1
loc85;26.0;85.0;1
loc86;77.0;28.0;1
loc87;34.0;94.0;1
loc88;12.0;44.0;1
loc89;76.0;27.0;1
loc90;20.0;74.0;1
loc91;3.0;20.0;1
loc92;61.0;24.0;1
loc93;99.0;34.0;1
loc94;20.0;18.0;1
loc95;15.0;40.0;1
loc96;94.0;32.0;1
loc97;92.0;46.0;1
loc98;37.0;6.0;1
loc99;64.0;83.0;1