dep;0.9833164046114183;0.5277399029617119;0
loc1;88.0;86.0;1
loc2;95.0;28.0;1
loc3;47.0;70.0;1
loc4;45.0;28.0;1
loc5;51.0;76.0;1
loc6;30.0;83.0;1
loc7;22.0;25.0;1
loc8;77.0;60.0;1
loc9;72.0;1.0;1
loc10;69.0;7.0;1
loc11;74.0;75.0;1
loc12;21.0;33.0;1
loc13;2.0;14.0;1
loc14;31.0;13.0;1
loc15;77.0;79.0;1
loc16;57.0;51.0;1
loc17;74.0;59.0;1
loc18;58.0;90.0;1
loc19;71.0;18.0;1
loc20;71.0;18.0;1
loc21;43.0;60.0;1
loc22;30.0;32.0;1
loc23;27.0;27.0;1
loc24;9.0;31.0;1
loc25;27.0;5.0;1
loc26;28.0;43.0;1
loc27;36.0;98.0;1
loc28;24.0;13.0;1
loc29;43.0;11.0;1
loc30;24.0;59.0;1
loc31;77.0;19.0;1
loc32;86.0;82.0;1
loc33;11.0;43.0;1
loc34;76.0;58.0;1
loc35;69.0;62.0;1
loc36;45.0;21.0;1
loc37;26.0;18.0;1
loc38;90.0;96.0;1
loc39;39.0;66.0;1
loc40;81.0;23.0;1
loc41;69.0;69.0;1
loc42;85.0;56.0;1
loc43;63.0;60.0;1
loc44;42.0;60.0;1
loc45;13.0;80.0;1
loc46;40.0;78.0;1
loc47;2.0;43.0;1
loc48;71.0;45.0;1
loc49;12.0;33.0;1
loc50;36.0;89.0;1
loc51;77.0;74.0;1
loc52;15.0;9.0;1
loc53;12.0;43.0;1
loc54;90.0;40.0;1
loc55;19.0;27.0;1
loc56;6.0;13.0;1
loc57;72.0;77.0;1
loc58;34.0;26.0;1
loc59;74.0;0.0;1
loc60;77.0;46.0;1
loc61;84.0;2.0;1
loc62;29.0;7.0;1
loc63;49.0;62.0;1
loc64;65.0;3.0;1
loc65;20.0;89.0;1
loc66;72.0;46.0;1
loc67;76.0;8.0;1
loc68;68.0;26.0;1
loc69;89.0;56.0;1
loc70;10.0;18.0;1
loc71;37.0;46.0;1
loc72;64.0;45.0;1
loc73;18.0;86.0;1
loc74;57.0;87.0;1