dep;0.7339627783276398;0.17524511155119138;0
loc1;86.0;43.0;1
loc2;26.0;78.0;1
loc3;59.0;50.0;1
loc4;3.0;95.0;1
loc5;96.0;5.0;1
loc6;22.0;10.0;1
loc7;87.0;48.0;1
loc8;97.0;2.0;1
loc9;4.0;82.0;1
loc10;11.0;50.0;1
loc11;23.0;81.0;1
loc12;67.0;15.0;1
loc13;13.0;13.0;1
loc14;83.0;89.0;1
loc15;78.0;66.0;1
loc16;24.0;53.0;1
loc17;81.0;89.0;1
loc18;54.0;0.0;1
loc19;13.0;34.0;1
loc20;48.0;62.0;1
loc21;71.0;62.0;1
loc22;15.0;29.0;1
loc23;41.0;32.0;1
loc24;83.0;5.0;1
loc25;54.0;17.0;1
loc26;40.0;70.0;1
loc27;69.0;61.0;1
loc28;22.0;42.0;1
loc29;0.0;81.0;1
loc30;41.0;61.0;1
loc31;44.0;68.0;1
loc32;5.0;61.0;1
loc33;3.0;42.0;1
loc34;41.0;70.0;1
loc35;23.0;40.0;1
loc36;51.0;48.0;1
loc37;98.0;57.0;1
loc38;19.0;70.0;1
loc39;88.0;97.0;1
loc40;45.0;76.0;1
loc41;96.0;41.0;1
loc42;10.0;68.0;1
loc43;39.0;28.0;1
loc44;19.0;69.0;1
loc45;44.0;34.0;1
loc46;72.0;84.0;1
loc47;9.0;50.0;1
loc48;0.0;56.0;1
loc49;35.0;69.0;1