dep;0.9796354864326933;0.42680123437227024;0
loc1;95.0;92.0;1
loc2;84.0;40.0;1
loc3;89.0;2.0;1
loc4;77.0;4.0;1
loc5;64.0;65.0;1
loc6;1.0;94.0;1
loc7;20.0;87.0;1
loc8;56.0;85.0;1
loc9;62.0;69.0;1
loc10;68.0;75.0;1
loc11;24.0;31.0;1
loc12;67.0;68.0;1
loc13;85.0;5.0;1
loc14;51.0;84.0;1
loc15;40.0;54.0;1
loc16;13.0;87.0;1
loc17;45.0;31.0;1
loc18;7.0;55.0;1
loc19;82.0;33.0;1
loc20;20.0;2.0;1
loc21;84.0;16.0;1
loc22;90.0;51.0;1
loc23;96.0;57.0;1
loc24;36.0;24.0;1
loc25;93.0;94.0;1
loc26;82.0;58.0;1
loc27;12.0;42.0;1
loc28;73.0;97.0;1
loc29;50.0;56.0;1
loc30;4.0;19.0;1
loc31;84.0;57.0;1
loc32;84.0;68.0;1
loc33;53.0;43.0;1
loc34;17.0;63.0;1
loc35;9.0;44.0;1
loc36;66.0;64.0;1
loc37;7.0;72.0;1
loc38;16.0;89.0;1
loc39;84.0;86.0;1
loc40;12.0;84.0;1
loc41;51.0;30.0;1
loc42;21.0;44.0;1
loc43;48.0;49.0;1
loc44;45.0;16.0;1
loc45;81.0;78.0;1
loc46;47.0;69.0;1
loc47;97.0;86.0;1
loc48;99.0;19.0;1
loc49;11.0;95.0;1
loc50;87.0;88.0;1
loc51;24.0;97.0;1
loc52;45.0;17.0;1
loc53;89.0;14.0;1
loc54;34.0;78.0;1
loc55;60.0;8.0;1
loc56;97.0;52.0;1
loc57;86.0;20.0;1
loc58;22.0;21.0;1
loc59;13.0;62.0;1
loc60;43.0;56.0;1
loc61;76.0;8.0;1
loc62;81.0;76.0;1
loc63;80.0;86.0;1
loc64;0.0;81.0;1
loc65;64.0;12.0;1
loc66;68.0;50.0;1
loc67;5.0;38.0;1
loc68;40.0;65.0;1
loc69;67.0;69.0;1
loc70;45.0;32.0;1
loc71;7.0;94.0;1
loc72;64.0;60.0;1
loc73;45.0;37.0;1
loc74;77.0;17.0;1
loc75;31.0;48.0;1
loc76;79.0;82.0;1
loc77;53.0;6.0;1
loc78;18.0;75.0;1
loc79;73.0;27.0;1
loc80;28.0;77.0;1
loc81;59.0;98.0;1
loc82;5.0;89.0;1
loc83;97.0;6.0;1
loc84;38.0;69.0;1
loc85;84.0;42.0;1
loc86;28.0;80.0;1
loc87;26.0;68.0;1
loc88;7.0;93.0;1
loc89;81.0;33.0;1
loc90;73.0;68.0;1
loc91;30.0;79.0;1
loc92;66.0;73.0;1
loc93;27.0;96.0;1
loc94;37.0;97.0;1
loc95;27.0;95.0;1
loc96;56.0;39.0;1
loc97;80.0;61.0;1
loc98;93.0;76.0;1
loc99;39.0;13.0;1
loc100;97.0;4.0;1
loc101;84.0;33.0;1
loc102;48.0;70.0;1
loc103;57.0;34.0;1
loc104;11.0;70.0;1
loc105;20.0;63.0;1
loc106;71.0;13.0;1
loc107;54.0;39.0;1
loc108;50.0;21.0;1
loc109;95.0;45.0;1
loc110;26.0;52.0;1
loc111;80.0;48.0;1
loc112;50.0;96.0;1
loc113;51.0;4.0;1
loc114;49.0;1.0;1
loc115;13.0;56.0;1
loc116;48.0;27.0;1
loc117;8.0;5.0;1
loc118;44.0;62.0;1
loc119;20.0;56.0;1
loc120;17.0;52.0;1
loc121;1.0;44.0;1
loc122;10.0;30.0;1
loc123;10.0;17.0;1
loc124;36.0;27.0;1
loc125;68.0;5.0;1
loc126;10.0;6.0;1
loc127;10.0;4.0;1
loc128;52.0;67.0;1
loc129;25.0;24.0;1
loc130;53.0;19.0;1
loc131;93.0;9.0;1
loc132;59.0;29.0;1
loc133;43.0;51.0;1
loc134;13.0;80.0;1
loc135;42.0;63.0;1
loc136;59.0;66.0;1
loc137;29.0;60.0;1
loc138;70.0;9.0;1
loc139;15.0;32.0;1
loc140;21.0;42.0;1
loc141;42.0;62.0;1
loc142;37.0;57.0;1
loc143;66.0;26.0;1
loc144;32.0;61.0;1
loc145;49.0;36.0;1
loc146;67.0;85.0;1
loc147;8.0;38.0;1
loc148;46.0;70.0;1
loc149;45.0;83.0;1
loc150;46.0;84.0;1
loc151;97.0;33.0;1
loc152;3.0;64.0;1
loc153;45.0;30.0;1
loc154;36.0;12.0;1
loc155;29.0;3.0;1
loc156;15.0;87.0;1
loc157;29.0;34.0;1
loc158;42.0;59.0;1
loc159;84.0;6.0;1
loc160;8.0;57.0;1
loc161;99.0;37.0;1
loc162;94.0;80.0;1
loc163;46.0;42.0;1
loc164;45.0;27.0;1
loc165;14.0;85.0;1
loc166;72.0;85.0;1
loc167;99.0;76.0;1
loc168;95.0;35.0;1
loc169;62.0;11.0;1
loc170;44.0;33.0;1
loc171;0.0;24.0;1
loc172;71.0;97.0;1
loc173;81.0;26.0;1
loc174;62.0;81.0;1
loc175;7.0;13.0;1
loc176;86.0;8.0;1
loc177;20.0;51.0;1
loc178;16.0;76.0;1
loc179;39.0;29.0;1
loc180;20.0;3.0;1
loc181;79.0;0.0;1
loc182;59.0;69.0;1
loc183;9.0;31.0;1
loc184;65.0;18.0;1
loc185;63.0;67.0;1
loc186;61.0;25.0;1
loc187;27.0;46.0;1
loc188;42.0;40.0;1
loc189;95.0;1.0;1
loc190;80.0;23.0;1
loc191;56.0;37.0;1
loc192;76.0;96.0;1
loc193;50.0;73.0;1
loc194;13.0;14.0;1
loc195;70.0;59.0;1
loc196;39.0;11.0;1
loc197;43.0;12.0;1
loc198;62.0;94.0;1
loc199;66.0;14.0;1
loc200;92.0;50.0;1
loc201;73.0;65.0;1
loc202;48.0;44.0;1
loc203;91.0;30.0;1
loc204;70.0;37.0;1
loc205;42.0;92.0;1
loc206;41.0;13.0;1
loc207;95.0;52.0;1
loc208;25.0;24.0;1
loc209;23.0;88.0;1
loc210;62.0;32.0;1
loc211;76.0;80.0;1
loc212;90.0;70.0;1
loc213;86.0;23.0;1
loc214;89.0;18.0;1
loc215;12.0;41.0;1
loc216;19.0;34.0;1
loc217;31.0;98.0;1
loc218;32.0;46.0;1
loc219;12.0;22.0;1
loc220;89.0;27.0;1
loc221;19.0;83.0;1
loc222;68.0;15.0;1
loc223;4.0;49.0;1
loc224;16.0;69.0;1
loc225;7.0;40.0;1
loc226;27.0;83.0;1
loc227;21.0;73.0;1
loc228;57.0;72.0;1
loc229;29.0;63.0;1
loc230;57.0;59.0;1
loc231;9.0;84.0;1
loc232;0.0;78.0;1
loc233;9.0;77.0;1
loc234;66.0;15.0;1
loc235;10.0;75.0;1
loc236;29.0;91.0;1
loc237;16.0;25.0;1
loc238;62.0;56.0;1
loc239;55.0;35.0;1
loc240;55.0;98.0;1
loc241;96.0;64.0;1
loc242;19.0;26.0;1
loc243;61.0;36.0;1
loc244;36.0;2.0;1
loc245;11.0;56.0;1
loc246;18.0;98.0;1
loc247;70.0;72.0;1
loc248;66.0;59.0;1
loc249;47.0;52.0;1