dep;0.10410182458252282;0.6470206251182772;0
loc1;23.0;87.0;1
loc2;33.0;43.0;1
loc3;43.0;24.0;1
loc4;3.0;63.0;1
loc5;86.0;18.0;1
loc6;73.0;92.0;1
loc7;56.0;91.0;1
loc8;74.0;86.0;1
loc9;90.0;70.0;1
loc10;25.0;52.0;1
loc11;75.0;58.0;1
loc12;26.0;85.0;1
loc13;11.0;50.0;1
loc14;90.0;79.0;1
loc15;65.0;77.0;1
loc16;79.0;0.0;1
loc17;15.0;31.0;1
loc18;90.0;0.0;1
loc19;1.0;47.0;1
loc20;34.0;31.0;1
loc21;11.0;23.0;1
loc22;26.0;21.0;1
loc23;15.0;6.0;1
loc24;44.0;16.0;1
loc25;7.0;52.0;1
loc26;97.0;22.0;1
loc27;41.0;1.0;1
loc28;33.0;88.0;1
loc29;25.0;20.0;1
loc30;83.0;66.0;1
loc31;64.0;94.0;1
loc32;22.0;20.0;1
loc33;78.0;40.0;1
loc34;38.0;95.0;1
loc35;30.0;50.0;1
loc36;62.0;26.0;1
loc37;67.0;26.0;1
loc38;96.0;24.0;1
loc39;63.0;45.0;1
loc40;16.0;15.0;1
loc41;84.0;13.0;1
loc42;3.0;74.0;1
loc43;31.0;85.0;1
loc44;86.0;32.0;1
loc45;28.0;37.0;1
loc46;50.0;58.0;1
loc47;97.0;5.0;1
loc48;23.0;43.0;1
loc49;6.0;49.0;1
loc50;26.0;42.0;1
loc51;2.0;36.0;1
loc52;86.0;12.0;1
loc53;58.0;51.0;1
loc54;42.0;17.0;1
loc55;38.0;29.0;1
loc56;88.0;59.0;1
loc57;2.0;64.0;1
loc58;26.0;17.0;1
loc59;26.0;21.0;1
loc60;2.0;70.0;1
loc61;64.0;66.0;1
loc62;45.0;93.0;1
loc63;4.0;15.0;1
loc64;12.0;8.0;1
loc65;22.0;75.0;1
loc66;18.0;14.0;1
loc67;33.0;24.0;1
loc68;62.0;74.0;1
loc69;16.0;13.0;1
loc70;93.0;44.0;1
loc71;73.0;81.0;1
loc72;42.0;22.0;1
loc73;35.0;62.0;1
loc74;14.0;56.0;1