dep;0.3774076558696099;0.034766940666213;0
loc1;10.0;0.0;1
loc2;38.0;94.0;1
loc3;83.0;27.0;1
loc4;29.0;99.0;1
loc5;48.0;71.0;1
loc6;95.0;61.0;1
loc7;54.0;18.0;1
loc8;73.0;21.0;1
loc9;47.0;76.0;1
loc10;99.0;47.0;1
loc11;87.0;94.0;1
loc12;44.0;76.0;1
loc13;83.0;61.0;1
loc14;27.0;29.0;1
loc15;29.0;11.0;1
loc16;40.0;52.0;1
loc17;56.0;24.0;1
loc18;80.0;13.0;1
loc19;63.0;82.0;1
loc20;79.0;69.0;1
loc21;71.0;61.0;1
loc22;92.0;30.0;1
loc23;54.0;47.0;1
loc24;36.0;12.0;1
loc25;2.0;9.0;1
loc26;85.0;66.0;1
loc27;99.0;9.0;1
loc28;18.0;58.0;1
loc29;92.0;80.0;1
loc30;16.0;80.0;1
loc31;36.0;30.0;1
loc32;63.0;85.0;1
loc33;56.0;15.0;1
loc34;34.0;69.0;1
loc35;39.0;97.0;1
loc36;38.0;34.0;1
loc37;43.0;86.0;1
loc38;6.0;92.0;1
loc39;82.0;21.0;1
loc40;97.0;23.0;1
loc41;24.0;49.0;1
loc42;53.0;76.0;1
loc43;91.0;9.0;1
loc44;59.0;1.0;1
loc45;95.0;42.0;1
loc46;63.0;35.0;1
loc47;53.0;35.0;1
loc48;45.0;76.0;1
loc49;82.0;76.0;1