dep;0.34129991822453065;0.7894351410286806;0
loc1;78.0;54.0;1
loc2;0.0;28.0;1
loc3;91.0;29.0;1
loc4;6.0;23.0;1
loc5;98.0;38.0;1
loc6;84.0;79.0;1
loc7;64.0;30.0;1
loc8;8.0;49.0;1
loc9;77.0;33.0;1
loc10;53.0;91.0;1
loc11;39.0;34.0;1
loc12;13.0;69.0;1
loc13;67.0;90.0;1
loc14;67.0;30.0;1
loc15;16.0;42.0;1
loc16;18.0;36.0;1
loc17;58.0;62.0;1
loc18;92.0;89.0;1
loc19;30.0;21.0;1
loc20;13.0;50.0;1
loc21;48.0;34.0;1
loc22;92.0;34.0;1
loc23;97.0;28.0;1
loc24;12.0;81.0;1
loc25;68.0;31.0;1
loc26;69.0;79.0;1
loc27;89.0;84.0;1
loc28;87.0;13.0;1
loc29;40.0;23.0;1
loc30;36.0;75.0;1
loc31;61.0;7.0;1
loc32;21.0;83.0;1
loc33;12.0;91.0;1
loc34;45.0;66.0;1
loc35;56.0;93.0;1
loc36;66.0;88.0;1
loc37;97.0;64.0;1
loc38;82.0;2.0;1
loc39;62.0;27.0;1
loc40;11.0;37.0;1
loc41;86.0;20.0;1
loc42;97.0;78.0;1
loc43;20.0;39.0;1
loc44;64.0;54.0;1
loc45;90.0;56.0;1
loc46;49.0;67.0;1
loc47;55.0;68.0;1
loc48;13.0;52.0;1
loc49;20.0;93.0;1
loc50;96.0;82.0;1
loc51;52.0;20.0;1
loc52;73.0;4.0;1
loc53;61.0;65.0;1
loc54;71.0;87.0;1
loc55;79.0;10.0;1
loc56;45.0;91.0;1
loc57;61.0;20.0;1
loc58;88.0;38.0;1
loc59;27.0;27.0;1
loc60;45.0;55.0;1
loc61;49.0;46.0;1
loc62;14.0;1.0;1
loc63;31.0;23.0;1
loc64;1.0;62.0;1
loc65;78.0;69.0;1
loc66;56.0;66.0;1
loc67;43.0;87.0;1
loc68;13.0;7.0;1
loc69;32.0;0.0;1
loc70;86.0;32.0;1
loc71;23.0;74.0;1
loc72;9.0;81.0;1
loc73;83.0;28.0;1
loc74;14.0;71.0;1
loc75;50.0;78.0;1
loc76;66.0;96.0;1
loc77;94.0;88.0;1
loc78;71.0;50.0;1
loc79;40.0;94.0;1
loc80;42.0;49.0;1
loc81;6.0;98.0;1
loc82;45.0;78.0;1
loc83;40.0;95.0;1
loc84;39.0;15.0;1
loc85;54.0;42.0;1
loc86;31.0;2.0;1
loc87;70.0;24.0;1
loc88;93.0;67.0;1
loc89;90.0;12.0;1
loc90;63.0;10.0;1
loc91;46.0;19.0;1
loc92;14.0;93.0;1
loc93;67.0;42.0;1
loc94;21.0;58.0;1
loc95;43.0;19.0;1
loc96;52.0;21.0;1
loc97;24.0;80.0;1
loc98;16.0;18.0;1
loc99;44.0;54.0;1
loc100;71.0;82.0;1
loc101;12.0;6.0;1
loc102;10.0;0.0;1
loc103;38.0;94.0;1
loc104;83.0;27.0;1
loc105;29.0;99.0;1
loc106;48.0;71.0;1
loc107;95.0;61.0;1
loc108;54.0;18.0;1
loc109;73.0;21.0;1
loc110;47.0;76.0;1
loc111;99.0;47.0;1
loc112;87.0;94.0;1
loc113;44.0;76.0;1
loc114;83.0;61.0;1
loc115;27.0;29.0;1
loc116;29.0;11.0;1
loc117;40.0;52.0;1
loc118;56.0;24.0;1
loc119;80.0;13.0;1
loc120;63.0;82.0;1
loc121;79.0;69.0;1
loc122;71.0;61.0;1
loc123;92.0;30.0;1
loc124;54.0;47.0;1
loc125;36.0;12.0;1
loc126;2.0;9.0;1
loc127;85.0;66.0;1
loc128;99.0;9.0;1
loc129;18.0;58.0;1
loc130;92.0;80.0;1
loc131;16.0;80.0;1
loc132;36.0;30.0;1
loc133;63.0;85.0;1
loc134;56.0;15.0;1
loc135;34.0;69.0;1
loc136;39.0;97.0;1
loc137;38.0;34.0;1
loc138;43.0;86.0;1
loc139;6.0;92.0;1
loc140;82.0;21.0;1
loc141;97.0;23.0;1
loc142;24.0;49.0;1
loc143;53.0;76.0;1
loc144;91.0;9.0;1
loc145;59.0;1.0;1
loc146;95.0;42.0;1
loc147;63.0;35.0;1
loc148;53.0;35.0;1
loc149;45.0;76.0;1
loc150;82.0;76.0;1
loc151;52.0;66.0;1
loc152;37.0;43.0;1
loc153;37.0;95.0;1
loc154;25.0;75.0;1
loc155;84.0;17.0;1
loc156;66.0;74.0;1
loc157;86.0;39.0;1
loc158;11.0;67.0;1
loc159;14.0;37.0;1
loc160;25.0;81.0;1
loc161;21.0;97.0;1
loc162;10.0;96.0;1
loc163;69.0;73.0;1
loc164;32.0;62.0;1
loc165;55.0;98.0;1
loc166;79.0;5.0;1
loc167;93.0;56.0;1
loc168;54.0;19.0;1
loc169;83.0;64.0;1
loc170;11.0;95.0;1
loc171;27.0;11.0;1
loc172;17.0;24.0;1
loc173;0.0;64.0;1
loc174;6.0;4.0;1
loc175;36.0;25.0;1
loc176;55.0;19.0;1
loc177;97.0;66.0;1
loc178;43.0;70.0;1
loc179;22.0;0.0;1
loc180;97.0;79.0;1
loc181;79.0;50.0;1
loc182;6.0;79.0;1
loc183;66.0;39.0;1
loc184;66.0;68.0;1
loc185;78.0;99.0;1
loc186;92.0;0.0;1
loc187;94.0;91.0;1
loc188;61.0;98.0;1
loc189;80.0;72.0;1
loc190;58.0;4.0;1
loc191;88.0;8.0;1
loc192;21.0;38.0;1
loc193;31.0;53.0;1
loc194;37.0;27.0;1
loc195;69.0;51.0;1
loc196;44.0;51.0;1
loc197;66.0;73.0;1
loc198;23.0;13.0;1
loc199;54.0;51.0;1
loc200;29.0;47.0;1
loc201;65.0;23.0;1
loc202;64.0;27.0;1
loc203;90.0;45.0;1
loc204;36.0;4.0;1
loc205;52.0;6.0;1
loc206;89.0;2.0;1
loc207;58.0;69.0;1
loc208;37.0;71.0;1
loc209;36.0;70.0;1
loc210;93.0;28.0;1
loc211;94.0;13.0;1
loc212;88.0;64.0;1
loc213;77.0;94.0;1
loc214;90.0;77.0;1
loc215;66.0;63.0;1
loc216;22.0;57.0;1
loc217;96.0;33.0;1
loc218;0.0;43.0;1
loc219;82.0;1.0;1
loc220;98.0;70.0;1
loc221;26.0;15.0;1
loc222;89.0;15.0;1
loc223;25.0;74.0;1
loc224;97.0;20.0;1
loc225;86.0;36.0;1
loc226;65.0;93.0;1
loc227;58.0;79.0;1
loc228;98.0;88.0;1
loc229;30.0;9.0;1
loc230;64.0;12.0;1
loc231;54.0;21.0;1
loc232;47.0;7.0;1
loc233;35.0;91.0;1
loc234;27.0;25.0;1
loc235;99.0;71.0;1
loc236;5.0;29.0;1
loc237;8.0;93.0;1
loc238;10.0;27.0;1
loc239;45.0;9.0;1
loc240;74.0;19.0;1
loc241;22.0;35.0;1
loc242;23.0;70.0;1
loc243;73.0;42.0;1
loc244;54.0;54.0;1
loc245;35.0;50.0;1
loc246;56.0;37.0;1
loc247;53.0;3.0;1
loc248;30.0;59.0;1
loc249;37.0;89.0;1