dep;0.7799459038203267;0.8325538013035704;0
loc1;32.0;20.0;1
loc2;68.0;35.0;1
loc3;99.0;57.0;1
loc4;38.0;73.0;1
loc5;25.0;81.0;1
loc6;21.0;7.0;1
loc7;58.0;7.0;1
loc8;74.0;63.0;1
loc9;46.0;49.0;1
loc10;14.0;36.0;1
loc11;68.0;27.0;1
loc12;91.0;3.0;1
loc13;2.0;75.0;1
loc14;79.0;75.0;1
loc15;18.0;31.0;1
loc16;64.0;9.0;1
loc17;7.0;4.0;1
loc18;90.0;59.0;1
loc19;36.0;71.0;1
loc20;4.0;71.0;1
loc21;14.0;22.0;1
loc22;91.0;37.0;1
loc23;89.0;25.0;1
loc24;69.0;63.0;1
loc25;24.0;99.0;1
loc26;78.0;21.0;1
loc27;38.0;97.0;1
loc28;74.0;37.0;1
loc29;70.0;73.0;1
loc30;95.0;84.0;1
loc31;36.0;71.0;1
loc32;98.0;95.0;1
loc33;53.0;49.0;1
loc34;8.0;26.0;1
loc35;28.0;26.0;1
loc36;14.0;70.0;1
loc37;2.0;82.0;1
loc38;82.0;82.0;1
loc39;93.0;4.0;1
loc40;3.0;84.0;1
loc41;27.0;37.0;1
loc42;85.0;54.0;1
loc43;46.0;21.0;1
loc44;45.0;2.0;1
loc45;16.0;44.0;1
loc46;26.0;98.0;1
loc47;44.0;15.0;1
loc48;48.0;40.0;1
loc49;59.0;4.0;1
loc50;87.0;42.0;1
loc51;65.0;52.0;1
loc52;26.0;42.0;1
loc53;43.0;13.0;1
loc54;11.0;18.0;1
loc55;22.0;25.0;1
loc56;54.0;43.0;1
loc57;28.0;82.0;1
loc58;85.0;83.0;1
loc59;60.0;35.0;1
loc60;39.0;69.0;1
loc61;61.0;63.0;1
loc62;13.0;61.0;1
loc63;50.0;97.0;1
loc64;86.0;13.0;1
loc65;79.0;33.0;1
loc66;43.0;40.0;1
loc67;17.0;43.0;1
loc68;71.0;50.0;1
loc69;97.0;22.0;1
loc70;17.0;29.0;1
loc71;32.0;10.0;1
loc72;28.0;7.0;1
loc73;78.0;43.0;1
loc74;9.0;12.0;1
loc75;59.0;43.0;1
loc76;7.0;34.0;1
loc77;76.0;71.0;1
loc78;44.0;24.0;1
loc79;76.0;63.0;1
loc80;44.0;77.0;1
loc81;88.0;19.0;1
loc82;79.0;96.0;1
loc83;60.0;57.0;1
loc84;29.0;18.0;1
loc85;18.0;26.0;1
loc86;41.0;38.0;1
loc87;86.0;33.0;1
loc88;16.0;24.0;1
loc89;37.0;0.0;1
loc90;43.0;72.0;1
loc91;40.0;65.0;1
loc92;43.0;70.0;1
loc93;65.0;20.0;1
loc94;26.0;13.0;1
loc95;36.0;36.0;1
loc96;90.0;53.0;1
loc97;39.0;7.0;1
loc98;0.0;34.0;1
loc99;52.0;0.0;1
loc100;91.0;91.0;1
loc101;36.0;96.0;1
loc102;47.0;75.0;1
loc103;25.0;93.0;1
loc104;73.0;55.0;1
loc105;42.0;40.0;1
loc106;59.0;97.0;1
loc107;95.0;41.0;1
loc108;46.0;97.0;1
loc109;92.0;97.0;1
loc110;44.0;98.0;1
loc111;63.0;88.0;1
loc112;45.0;80.0;1
loc113;38.0;81.0;1
loc114;93.0;6.0;1
loc115;23.0;83.0;1
loc116;7.0;8.0;1
loc117;70.0;62.0;1
loc118;70.0;70.0;1
loc119;65.0;47.0;1
loc120;65.0;99.0;1
loc121;11.0;16.0;1
loc122;94.0;33.0;1
loc123;52.0;24.0;1
loc124;32.0;61.0;1
loc125;58.0;47.0;1
loc126;25.0;81.0;1
loc127;13.0;15.0;1
loc128;19.0;23.0;1
loc129;20.0;52.0;1
loc130;51.0;68.0;1
loc131;86.0;14.0;1
loc132;52.0;97.0;1
loc133;36.0;5.0;1
loc134;10.0;9.0;1
loc135;90.0;13.0;1
loc136;7.0;45.0;1
loc137;27.0;84.0;1
loc138;96.0;61.0;1
loc139;71.0;69.0;1
loc140;97.0;17.0;1
loc141;78.0;62.0;1
loc142;54.0;12.0;1
loc143;49.0;10.0;1
loc144;73.0;65.0;1
loc145;97.0;69.0;1
loc146;73.0;15.0;1
loc147;49.0;98.0;1
loc148;38.0;51.0;1
loc149;51.0;64.0;1
loc150;4.0;94.0;1
loc151;8.0;40.0;1
loc152;94.0;56.0;1
loc153;27.0;75.0;1
loc154;44.0;37.0;1
loc155;75.0;24.0;1
loc156;64.0;34.0;1
loc157;28.0;85.0;1
loc158;74.0;21.0;1
loc159;5.0;39.0;1
loc160;59.0;90.0;1
loc161;49.0;88.0;1
loc162;32.0;77.0;1
loc163;52.0;17.0;1
loc164;65.0;17.0;1
loc165;74.0;21.0;1
loc166;48.0;30.0;1
loc167;10.0;93.0;1
loc168;24.0;24.0;1
loc169;29.0;46.0;1
loc170;26.0;57.0;1
loc171;53.0;9.0;1
loc172;39.0;94.0;1
loc173;21.0;13.0;1
loc174;50.0;38.0;1