dep;0.918698792535453;0.2989693300935474;0
loc1;0.0;88.0;1
loc2;67.0;82.0;1
loc3;16.0;35.0;1
loc4;77.0;85.0;1
loc5;39.0;67.0;1
loc6;52.0;85.0;1
loc7;8.0;41.0;1
loc8;48.0;14.0;1
loc9;57.0;39.0;1
loc10;0.0;86.0;1
loc11;71.0;56.0;1
loc12;62.0;2.0;1
loc13;76.0;31.0;1
loc14;9.0;25.0;1
loc15;28.0;95.0;1
loc16;67.0;58.0;1
loc17;72.0;44.0;1
loc18;65.0;98.0;1
loc19;65.0;0.0;1
loc20;43.0;67.0;1
loc21;30.0;13.0;1
loc22;8.0;1.0;1
loc23;5.0;6.0;1
loc24;79.0;24.0;1
loc25;59.0;97.0;1
loc26;66.0;19.0;1
loc27;48.0;29.0;1
loc28;92.0;16.0;1
loc29;1.0;54.0;1
loc30;74.0;92.0;1
loc31;18.0;83.0;1
loc32;7.0;42.0;1
loc33;96.0;38.0;1
loc34;84.0;36.0;1
loc35;27.0;35.0;1
loc36;31.0;79.0;1
loc37;14.0;70.0;1
loc38;96.0;97.0;1
loc39;68.0;82.0;1
loc40;54.0;16.0;1
loc41;51.0;85.0;1
loc42;60.0;13.0;1
loc43;56.0;66.0;1
loc44;15.0;6.0;1
loc45;53.0;91.0;1
loc46;4.0;85.0;1
loc47;87.0;51.0;1
loc48;68.0;19.0;1
loc49;69.0;91.0;1
loc50;53.0;26.0;1
loc51;18.0;58.0;1
loc52;93.0;8.0;1
loc53;75.0;11.0;1
loc54;89.0;76.0;1
loc55;65.0;0.0;1
loc56;99.0;42.0;1
loc57;45.0;69.0;1
loc58;41.0;39.0;1
loc59;87.0;58.0;1
loc60;25.0;71.0;1
loc61;69.0;21.0;1
loc62;75.0;16.0;1
loc63;56.0;60.0;1
loc64;74.0;40.0;1
loc65;26.0;47.0;1
loc66;75.0;87.0;1
loc67;78.0;39.0;1
loc68;57.0;58.0;1
loc69;14.0;76.0;1
loc70;46.0;88.0;1
loc71;59.0;32.0;1
loc72;95.0;95.0;1
loc73;38.0;1.0;1
loc74;93.0;71.0;1
loc75;52.0;72.0;1
loc76;84.0;40.0;1
loc77;60.0;77.0;1
loc78;18.0;85.0;1
loc79;17.0;37.0;1
loc80;37.0;86.0;1
loc81;95.0;45.0;1
loc82;43.0;22.0;1
loc83;31.0;97.0;1
loc84;95.0;62.0;1
loc85;62.0;60.0;1
loc86;48.0;63.0;1
loc87;67.0;95.0;1
loc88;82.0;66.0;1
loc89;37.0;2.0;1
loc90;89.0;99.0;1
loc91;65.0;34.0;1
loc92;14.0;0.0;1
loc93;26.0;98.0;1
loc94;10.0;68.0;1
loc95;42.0;37.0;1
loc96;5.0;48.0;1
loc97;16.0;95.0;1
loc98;12.0;16.0;1
loc99;96.0;24.0;1