dep;0.17764354767093782;0.231772295406649;0
loc1;52.0;30.0;1
loc2;16.0;0.0;1
loc3;56.0;55.0;1
loc4;2.0;44.0;1
loc5;82.0;65.0;1
loc6;25.0;75.0;1
loc7;29.0;80.0;1
loc8;27.0;0.0;1
loc9;28.0;52.0;1
loc10;20.0;96.0;1
loc11;94.0;40.0;1
loc12;18.0;17.0;1
loc13;48.0;94.0;1
loc14;8.0;83.0;1
loc15;40.0;45.0;1
loc16;1.0;1.0;1
loc17;69.0;6.0;1
loc18;72.0;3.0;1
loc19;89.0;0.0;1
loc20;69.0;16.0;1
loc21;14.0;71.0;1
loc22;31.0;47.0;1
loc23;20.0;81.0;1
loc24;80.0;91.0;1
loc25;90.0;20.0;1
loc26;49.0;96.0;1
loc27;33.0;99.0;1
loc28;10.0;48.0;1
loc29;50.0;76.0;1
loc30;28.0;75.0;1
loc31;11.0;39.0;1
loc32;64.0;95.0;1
loc33;8.0;65.0;1
loc34;95.0;33.0;1
loc35;52.0;95.0;1
loc36;48.0;61.0;1
loc37;7.0;18.0;1
loc38;81.0;84.0;1
loc39;28.0;24.0;1
loc40;86.0;9.0;1
loc41;20.0;2.0;1
loc42;28.0;49.0;1
loc43;18.0;63.0;1
loc44;25.0;80.0;1
loc45;50.0;60.0;1
loc46;62.0;2.0;1
loc47;77.0;73.0;1
loc48;54.0;6.0;1
loc49;18.0;75.0;1
loc50;31.0;34.0;1
loc51;71.0;32.0;1
loc52;12.0;4.0;1
loc53;51.0;37.0;1
loc54;56.0;94.0;1
loc55;68.0;6.0;1
loc56;57.0;34.0;1
loc57;67.0;77.0;1
loc58;97.0;48.0;1
loc59;60.0;81.0;1
loc60;47.0;48.0;1
loc61;4.0;98.0;1
loc62;32.0;67.0;1
loc63;28.0;84.0;1
loc64;60.0;38.0;1
loc65;95.0;48.0;1
loc66;51.0;23.0;1
loc67;9.0;34.0;1
loc68;80.0;29.0;1
loc69;48.0;19.0;1
loc70;1.0;87.0;1
loc71;73.0;27.0;1
loc72;18.0;41.0;1
loc73;71.0;25.0;1
loc74;0.0;52.0;1