dep;0.6094708867758052;0.17531359813223446;0
loc1;32.0;46.0;1
loc2;76.0;72.0;1
loc3;79.0;48.0;1
loc4;64.0;66.0;1
loc5;84.0;90.0;1
loc6;48.0;37.0;1
loc7;40.0;45.0;1
loc8;10.0;43.0;1
loc9;66.0;20.0;1
loc10;74.0;78.0;1
loc11;90.0;18.0;1
loc12;78.0;98.0;1
loc13;74.0;92.0;1
loc14;14.0;43.0;1
loc15;9.0;72.0;1
loc16;70.0;9.0;1
loc17;91.0;3.0;1
loc18;59.0;13.0;1
loc19;16.0;57.0;1
loc20;61.0;89.0;1
loc21;58.0;31.0;1
loc22;28.0;43.0;1
loc23;26.0;85.0;1
loc24;31.0;94.0;1
loc25;87.0;14.0;1
loc26;6.0;62.0;1
loc27;60.0;1.0;1
loc28;48.0;0.0;1
loc29;3.0;66.0;1
loc30;55.0;59.0;1
loc31;23.0;10.0;1
loc32;36.0;17.0;1
loc33;16.0;52.0;1
loc34;20.0;62.0;1
loc35;36.0;64.0;1
loc36;98.0;82.0;1
loc37;54.0;30.0;1
loc38;80.0;42.0;1
loc39;74.0;77.0;1
loc40;88.0;21.0;1
loc41;27.0;86.0;1
loc42;98.0;13.0;1
loc43;37.0;1.0;1
loc44;23.0;6.0;1
loc45;84.0;38.0;1
loc46;50.0;66.0;1
loc47;14.0;25.0;1
loc48;61.0;60.0;1
loc49;77.0;16.0;1
loc50;80.0;30.0;1
loc51;85.0;34.0;1
loc52;93.0;73.0;1
loc53;28.0;77.0;1
loc54;39.0;2.0;1
loc55;37.0;12.0;1
loc56;4.0;32.0;1
loc57;23.0;51.0;1
loc58;55.0;69.0;1
loc59;71.0;81.0;1
loc60;28.0;0.0;1
loc61;69.0;81.0;1
loc62;87.0;76.0;1
loc63;18.0;97.0;1
loc64;35.0;67.0;1
loc65;76.0;63.0;1
loc66;51.0;79.0;1
loc67;32.0;69.0;1
loc68;76.0;4.0;1
loc69;65.0;73.0;1
loc70;30.0;54.0;1
loc71;43.0;78.0;1
loc72;97.0;57.0;1
loc73;30.0;50.0;1
loc74;16.0;15.0;1
loc75;92.0;89.0;1
loc76;13.0;35.0;1
loc77;2.0;43.0;1
loc78;85.0;60.0;1
loc79;79.0;6.0;1
loc80;23.0;32.0;1
loc81;4.0;35.0;1
loc82;64.0;8.0;1
loc83;8.0;79.0;1
loc84;65.0;44.0;1
loc85;60.0;25.0;1
loc86;56.0;92.0;1
loc87;32.0;3.0;1
loc88;30.0;2.0;1
loc89;40.0;83.0;1
loc90;14.0;59.0;1
loc91;25.0;17.0;1
loc92;20.0;26.0;1
loc93;12.0;55.0;1
loc94;8.0;88.0;1
loc95;65.0;16.0;1
loc96;5.0;79.0;1
loc97;82.0;98.0;1
loc98;60.0;64.0;1
loc99;35.0;86.0;1
loc100;21.0;19.0;1
loc101;2.0;51.0;1
loc102;6.0;23.0;1
loc103;23.0;39.0;1
loc104;51.0;99.0;1
loc105;78.0;82.0;1
loc106;97.0;21.0;1
loc107;10.0;73.0;1
loc108;35.0;13.0;1
loc109;98.0;30.0;1
loc110;66.0;95.0;1
loc111;35.0;55.0;1
loc112;22.0;46.0;1
loc113;57.0;41.0;1
loc114;46.0;25.0;1
loc115;51.0;84.0;1
loc116;9.0;92.0;1
loc117;17.0;92.0;1
loc118;39.0;34.0;1
loc119;69.0;99.0;1
loc120;8.0;83.0;1
loc121;79.0;94.0;1
loc122;87.0;21.0;1
loc123;34.0;14.0;1
loc124;67.0;17.0;1
loc125;52.0;60.0;1
loc126;48.0;4.0;1
loc127;46.0;84.0;1
loc128;0.0;36.0;1
loc129;33.0;95.0;1
loc130;70.0;1.0;1
loc131;1.0;32.0;1
loc132;39.0;0.0;1
loc133;39.0;83.0;1
loc134;44.0;3.0;1
loc135;86.0;50.0;1
loc136;32.0;35.0;1
loc137;55.0;83.0;1
loc138;75.0;79.0;1
loc139;39.0;30.0;1
loc140;13.0;34.0;1
loc141;51.0;8.0;1
loc142;96.0;64.0;1
loc143;54.0;54.0;1
loc144;77.0;38.0;1
loc145;26.0;81.0;1
loc146;29.0;1.0;1
loc147;16.0;54.0;1
loc148;73.0;62.0;1
loc149;28.0;10.0;1
loc150;69.0;44.0;1
loc151;14.0;51.0;1
loc152;53.0;5.0;1
loc153;2.0;3.0;1
loc154;35.0;86.0;1
loc155;11.0;51.0;1
loc156;3.0;87.0;1
loc157;82.0;19.0;1
loc158;62.0;0.0;1
loc159;3.0;5.0;1
loc160;87.0;98.0;1
loc161;24.0;55.0;1
loc162;15.0;77.0;1
loc163;90.0;91.0;1
loc164;61.0;42.0;1
loc165;90.0;30.0;1
loc166;17.0;38.0;1
loc167;77.0;16.0;1
loc168;94.0;12.0;1
loc169;81.0;76.0;1
loc170;23.0;0.0;1
loc171;79.0;44.0;1
loc172;35.0;20.0;1
loc173;29.0;1.0;1
loc174;1.0;78.0;1
loc175;32.0;53.0;1
loc176;39.0;44.0;1
loc177;88.0;52.0;1
loc178;51.0;73.0;1
loc179;17.0;25.0;1
loc180;85.0;21.0;1
loc181;55.0;66.0;1
loc182;92.0;81.0;1
loc183;86.0;41.0;1
loc184;87.0;13.0;1
loc185;87.0;15.0;1
loc186;4.0;87.0;1
loc187;26.0;93.0;1
loc188;36.0;49.0;1
loc189;84.0;37.0;1
loc190;58.0;31.0;1
loc191;31.0;26.0;1
loc192;22.0;59.0;1
loc193;65.0;45.0;1
loc194;38.0;21.0;1
loc195;22.0;30.0;1
loc196;84.0;35.0;1
loc197;98.0;55.0;1
loc198;31.0;49.0;1
loc199;70.0;24.0;1
loc200;68.0;42.0;1
loc201;52.0;83.0;1
loc202;66.0;85.0;1
loc203;54.0;6.0;1
loc204;57.0;4.0;1
loc205;60.0;20.0;1
loc206;76.0;7.0;1
loc207;94.0;68.0;1
loc208;94.0;79.0;1
loc209;28.0;66.0;1
loc210;67.0;77.0;1
loc211;45.0;49.0;1
loc212;85.0;10.0;1
loc213;75.0;53.0;1
loc214;46.0;18.0;1
loc215;1.0;54.0;1
loc216;5.0;59.0;1
loc217;41.0;1.0;1
loc218;52.0;48.0;1
loc219;37.0;20.0;1
loc220;8.0;6.0;1
loc221;84.0;97.0;1
loc222;4.0;70.0;1
loc223;21.0;12.0;1
loc224;45.0;60.0;1
loc225;75.0;2.0;1
loc226;51.0;41.0;1
loc227;70.0;14.0;1
loc228;34.0;33.0;1
loc229;63.0;63.0;1
loc230;60.0;24.0;1
loc231;23.0;32.0;1
loc232;38.0;59.0;1
loc233;21.0;89.0;1
loc234;78.0;45.0;1
loc235;0.0;69.0;1
loc236;64.0;77.0;1
loc237;36.0;73.0;1
loc238;82.0;16.0;1
loc239;50.0;17.0;1
loc240;46.0;95.0;1
loc241;28.0;98.0;1
loc242;74.0;48.0;1
loc243;16.0;89.0;1
loc244;10.0;49.0;1
loc245;85.0;74.0;1
loc246;34.0;31.0;1
loc247;95.0;21.0;1
loc248;11.0;70.0;1
loc249;16.0;70.0;1