dep;0.9109767983474275;0.19428341341570132;0
loc1;71.0;85.0;1
loc2;60.0;7.0;1
loc3;98.0;70.0;1
loc4;53.0;79.0;1
loc5;0.0;66.0;1
loc6;7.0;38.0;1
loc7;45.0;89.0;1
loc8;36.0;36.0;1
loc9;84.0;17.0;1
loc10;59.0;9.0;1
loc11;60.0;16.0;1
loc12;7.0;77.0;1
loc13;97.0;69.0;1
loc14;28.0;87.0;1
loc15;0.0;94.0;1
loc16;83.0;77.0;1
loc17;53.0;96.0;1
loc18;43.0;63.0;1
loc19;63.0;84.0;1
loc20;36.0;42.0;1
loc21;63.0;63.0;1
loc22;1.0;57.0;1
loc23;91.0;81.0;1
loc24;63.0;72.0;1
loc25;10.0;20.0;1
loc26;60.0;34.0;1
loc27;56.0;16.0;1
loc28;10.0;21.0;1
loc29;12.0;3.0;1
loc30;91.0;84.0;1
loc31;46.0;11.0;1
loc32;11.0;65.0;1
loc33;39.0;59.0;1
loc34;14.0;92.0;1
loc35;48.0;72.0;1
loc36;72.0;41.0;1
loc37;95.0;52.0;1
loc38;3.0;6.0;1
loc39;50.0;65.0;1
loc40;99.0;49.0;1
loc41;78.0;12.0;1
loc42;74.0;78.0;1
loc43;11.0;77.0;1
loc44;71.0;84.0;1
loc45;37.0;56.0;1
loc46;41.0;58.0;1
loc47;39.0;62.0;1
loc48;40.0;32.0;1
loc49;14.0;62.0;1
loc50;8.0;68.0;1
loc51;42.0;25.0;1
loc52;67.0;24.0;1
loc53;68.0;1.0;1
loc54;85.0;34.0;1
loc55;70.0;27.0;1
loc56;84.0;8.0;1
loc57;91.0;14.0;1
loc58;49.0;25.0;1
loc59;13.0;17.0;1
loc60;9.0;73.0;1
loc61;6.0;87.0;1
loc62;77.0;21.0;1
loc63;80.0;65.0;1
loc64;65.0;95.0;1
loc65;48.0;56.0;1
loc66;93.0;97.0;1
loc67;28.0;9.0;1
loc68;70.0;56.0;1
loc69;98.0;11.0;1
loc70;76.0;80.0;1
loc71;36.0;45.0;1
loc72;73.0;11.0;1
loc73;47.0;73.0;1
loc74;85.0;89.0;1
loc75;33.0;21.0;1
loc76;26.0;87.0;1
loc77;6.0;60.0;1
loc78;83.0;28.0;1
loc79;0.0;1.0;1
loc80;0.0;64.0;1
loc81;82.0;57.0;1
loc82;49.0;83.0;1
loc83;95.0;27.0;1
loc84;77.0;27.0;1
loc85;52.0;37.0;1
loc86;47.0;94.0;1
loc87;68.0;77.0;1
loc88;91.0;20.0;1
loc89;17.0;90.0;1
loc90;95.0;59.0;1
loc91;99.0;37.0;1
loc92;48.0;49.0;1
loc93;81.0;4.0;1
loc94;96.0;20.0;1
loc95;88.0;98.0;1
loc96;27.0;41.0;1
loc97;4.0;6.0;1
loc98;1.0;88.0;1
loc99;22.0;50.0;1
loc100;95.0;11.0;1
loc101;4.0;76.0;1
loc102;54.0;53.0;1
loc103;81.0;48.0;1
loc104;94.0;46.0;1
loc105;93.0;96.0;1
loc106;2.0;90.0;1
loc107;4.0;73.0;1
loc108;67.0;68.0;1
loc109;75.0;83.0;1
loc110;71.0;24.0;1
loc111;27.0;0.0;1
loc112;31.0;33.0;1
loc113;79.0;6.0;1
loc114;68.0;69.0;1
loc115;86.0;96.0;1
loc116;33.0;30.0;1
loc117;69.0;91.0;1
loc118;50.0;92.0;1
loc119;12.0;14.0;1
loc120;6.0;61.0;1
loc121;7.0;27.0;1
loc122;58.0;8.0;1
loc123;20.0;37.0;1
loc124;93.0;49.0;1
loc125;72.0;23.0;1
loc126;0.0;6.0;1
loc127;74.0;11.0;1
loc128;95.0;60.0;1
loc129;89.0;17.0;1
loc130;55.0;93.0;1
loc131;59.0;71.0;1
loc132;83.0;38.0;1
loc133;63.0;39.0;1
loc134;54.0;17.0;1
loc135;40.0;23.0;1
loc136;67.0;29.0;1
loc137;86.0;20.0;1
loc138;71.0;10.0;1
loc139;38.0;21.0;1
loc140;69.0;81.0;1
loc141;72.0;55.0;1
loc142;43.0;52.0;1
loc143;37.0;55.0;1
loc144;14.0;18.0;1
loc145;11.0;20.0;1
loc146;80.0;98.0;1
loc147;80.0;72.0;1
loc148;45.0;10.0;1
loc149;6.0;30.0;1
loc150;50.0;25.0;1
loc151;45.0;63.0;1
loc152;68.0;38.0;1
loc153;24.0;86.0;1
loc154;22.0;24.0;1
loc155;19.0;80.0;1
loc156;38.0;34.0;1
loc157;43.0;12.0;1
loc158;53.0;98.0;1
loc159;51.0;36.0;1
loc160;91.0;99.0;1
loc161;10.0;51.0;1
loc162;85.0;1.0;1
loc163;9.0;87.0;1
loc164;75.0;23.0;1
loc165;6.0;27.0;1
loc166;86.0;79.0;1
loc167;9.0;98.0;1
loc168;34.0;24.0;1
loc169;48.0;73.0;1
loc170;42.0;33.0;1
loc171;70.0;8.0;1
loc172;69.0;6.0;1
loc173;29.0;40.0;1
loc174;97.0;38.0;1
loc175;16.0;94.0;1
loc176;71.0;4.0;1
loc177;20.0;0.0;1
loc178;25.0;38.0;1
loc179;59.0;5.0;1
loc180;84.0;27.0;1
loc181;67.0;79.0;1
loc182;55.0;72.0;1
loc183;69.0;39.0;1
loc184;93.0;32.0;1
loc185;66.0;42.0;1
loc186;63.0;94.0;1
loc187;72.0;4.0;1
loc188;10.0;92.0;1
loc189;78.0;71.0;1
loc190;51.0;65.0;1
loc191;1.0;56.0;1
loc192;2.0;67.0;1
loc193;43.0;69.0;1
loc194;61.0;64.0;1
loc195;9.0;91.0;1
loc196;21.0;44.0;1
loc197;46.0;69.0;1
loc198;80.0;44.0;1
loc199;64.0;60.0;1
loc200;41.0;57.0;1
loc201;78.0;36.0;1
loc202;94.0;10.0;1
loc203;0.0;87.0;1
loc204;12.0;40.0;1
loc205;62.0;95.0;1
loc206;88.0;10.0;1
loc207;42.0;12.0;1
loc208;72.0;30.0;1
loc209;33.0;14.0;1
loc210;4.0;32.0;1
loc211;45.0;60.0;1
loc212;94.0;8.0;1
loc213;25.0;50.0;1
loc214;65.0;6.0;1
loc215;11.0;43.0;1
loc216;10.0;43.0;1
loc217;36.0;20.0;1
loc218;22.0;79.0;1
loc219;31.0;2.0;1
loc220;97.0;63.0;1
loc221;89.0;19.0;1
loc222;59.0;11.0;1
loc223;38.0;12.0;1
loc224;88.0;12.0;1
loc225;52.0;78.0;1
loc226;82.0;17.0;1
loc227;84.0;7.0;1
loc228;75.0;21.0;1
loc229;29.0;36.0;1
loc230;74.0;99.0;1
loc231;9.0;82.0;1
loc232;19.0;14.0;1
loc233;48.0;53.0;1
loc234;71.0;14.0;1
loc235;52.0;33.0;1
loc236;71.0;23.0;1
loc237;60.0;96.0;1
loc238;92.0;17.0;1
loc239;45.0;82.0;1
loc240;79.0;45.0;1
loc241;50.0;25.0;1
loc242;59.0;0.0;1
loc243;80.0;4.0;1
loc244;92.0;18.0;1
loc245;78.0;86.0;1
loc246;8.0;67.0;1
loc247;44.0;87.0;1
loc248;77.0;34.0;1
loc249;6.0;44.0;1