dep;0.7683028657887896;0.22523042885460964;0
loc1;72.0;42.0;1
loc2;39.0;78.0;1
loc3;88.0;17.0;1
loc4;18.0;15.0;1
loc5;3.0;97.0;1
loc6;93.0;60.0;1
loc7;87.0;41.0;1
loc8;73.0;0.0;1
loc9;25.0;30.0;1
loc10;94.0;3.0;1
loc11;19.0;27.0;1
loc12;36.0;81.0;1
loc13;70.0;50.0;1
loc14;2.0;98.0;1
loc15;47.0;22.0;1
loc16;15.0;78.0;1
loc17;18.0;94.0;1
loc18;21.0;71.0;1
loc19;17.0;26.0;1
loc20;55.0;10.0;1
loc21;7.0;32.0;1
loc22;48.0;15.0;1
loc23;68.0;61.0;1
loc24;19.0;34.0;1
loc25;54.0;95.0;1
loc26;6.0;59.0;1
loc27;78.0;68.0;1
loc28;97.0;93.0;1
loc29;73.0;37.0;1
loc30;67.0;39.0;1
loc31;75.0;69.0;1
loc32;84.0;95.0;1
loc33;17.0;44.0;1
loc34;8.0;73.0;1
loc35;3.0;36.0;1
loc36;25.0;56.0;1
loc37;5.0;83.0;1
loc38;44.0;52.0;1
loc39;51.0;47.0;1
loc40;29.0;12.0;1
loc41;60.0;71.0;1
loc42;48.0;46.0;1
loc43;4.0;60.0;1
loc44;20.0;22.0;1
loc45;19.0;13.0;1
loc46;95.0;60.0;1
loc47;38.0;83.0;1
loc48;61.0;51.0;1
loc49;76.0;64.0;1
loc50;70.0;78.0;1
loc51;82.0;58.0;1
loc52;43.0;73.0;1
loc53;44.0;17.0;1
loc54;41.0;74.0;1
loc55;32.0;46.0;1
loc56;81.0;17.0;1
loc57;82.0;56.0;1
loc58;67.0;71.0;1
loc59;53.0;94.0;1
loc60;74.0;11.0;1
loc61;8.0;37.0;1
loc62;50.0;92.0;1
loc63;70.0;80.0;1
loc64;13.0;27.0;1
loc65;40.0;22.0;1
loc66;16.0;92.0;1
loc67;18.0;61.0;1
loc68;69.0;68.0;1
loc69;33.0;41.0;1
loc70;34.0;33.0;1
loc71;19.0;35.0;1
loc72;61.0;27.0;1
loc73;21.0;44.0;1
loc74;85.0;11.0;1
loc75;54.0;38.0;1
loc76;82.0;38.0;1
loc77;21.0;51.0;1
loc78;19.0;11.0;1
loc79;5.0;1.0;1
loc80;84.0;38.0;1
loc81;93.0;26.0;1
loc82;98.0;50.0;1
loc83;44.0;60.0;1
loc84;64.0;62.0;1
loc85;7.0;60.0;1
loc86;85.0;21.0;1
loc87;64.0;33.0;1
loc88;36.0;40.0;1
loc89;36.0;48.0;1
loc90;92.0;4.0;1
loc91;85.0;84.0;1
loc92;60.0;21.0;1
loc93;90.0;41.0;1
loc94;15.0;61.0;1
loc95;65.0;78.0;1
loc96;46.0;98.0;1
loc97;38.0;11.0;1
loc98;71.0;32.0;1
loc99;30.0;15.0;1
loc100;6.0;59.0;1
loc101;87.0;11.0;1
loc102;48.0;90.0;1
loc103;91.0;25.0;1
loc104;7.0;40.0;1
loc105;69.0;89.0;1
loc106;5.0;72.0;1
loc107;27.0;21.0;1
loc108;80.0;24.0;1
loc109;30.0;60.0;1
loc110;34.0;98.0;1
loc111;28.0;77.0;1
loc112;64.0;44.0;1
loc113;68.0;59.0;1
loc114;28.0;46.0;1
loc115;13.0;67.0;1
loc116;69.0;70.0;1
loc117;64.0;76.0;1
loc118;8.0;28.0;1
loc119;88.0;34.0;1
loc120;12.0;0.0;1
loc121;12.0;65.0;1
loc122;55.0;98.0;1
loc123;84.0;61.0;1
loc124;23.0;96.0;1
loc125;2.0;48.0;1
loc126;52.0;30.0;1
loc127;16.0;0.0;1
loc128;56.0;55.0;1
loc129;2.0;44.0;1
loc130;82.0;65.0;1
loc131;25.0;75.0;1
loc132;29.0;80.0;1
loc133;27.0;0.0;1
loc134;28.0;52.0;1
loc135;20.0;96.0;1
loc136;94.0;40.0;1
loc137;18.0;17.0;1
loc138;48.0;94.0;1
loc139;8.0;83.0;1
loc140;40.0;45.0;1
loc141;1.0;1.0;1
loc142;69.0;6.0;1
loc143;72.0;3.0;1
loc144;89.0;0.0;1
loc145;69.0;16.0;1
loc146;14.0;71.0;1
loc147;31.0;47.0;1
loc148;20.0;81.0;1
loc149;80.0;91.0;1
loc150;90.0;20.0;1
loc151;49.0;96.0;1
loc152;33.0;99.0;1
loc153;10.0;48.0;1
loc154;50.0;76.0;1
loc155;28.0;75.0;1
loc156;11.0;39.0;1
loc157;64.0;95.0;1
loc158;8.0;65.0;1
loc159;95.0;33.0;1
loc160;52.0;95.0;1
loc161;48.0;61.0;1
loc162;7.0;18.0;1
loc163;81.0;84.0;1
loc164;28.0;24.0;1
loc165;86.0;9.0;1
loc166;20.0;2.0;1
loc167;28.0;49.0;1
loc168;18.0;63.0;1
loc169;25.0;80.0;1
loc170;50.0;60.0;1
loc171;62.0;2.0;1
loc172;77.0;73.0;1
loc173;54.0;6.0;1
loc174;18.0;75.0;1
loc175;31.0;34.0;1
loc176;71.0;32.0;1
loc177;12.0;4.0;1
loc178;51.0;37.0;1
loc179;56.0;94.0;1
loc180;68.0;6.0;1
loc181;57.0;34.0;1
loc182;67.0;77.0;1
loc183;97.0;48.0;1
loc184;60.0;81.0;1
loc185;47.0;48.0;1
loc186;4.0;98.0;1
loc187;32.0;67.0;1
loc188;28.0;84.0;1
loc189;60.0;38.0;1
loc190;95.0;48.0;1
loc191;51.0;23.0;1
loc192;9.0;34.0;1
loc193;80.0;29.0;1
loc194;48.0;19.0;1
loc195;1.0;87.0;1
loc196;73.0;27.0;1
loc197;18.0;41.0;1
loc198;71.0;25.0;1
loc199;0.0;52.0;1
loc200;19.0;24.0;1
loc201;43.0;59.0;1
loc202;79.0;3.0;1
loc203;20.0;54.0;1
loc204;23.0;87.0;1
loc205;33.0;43.0;1
loc206;43.0;24.0;1
loc207;3.0;63.0;1
loc208;86.0;18.0;1
loc209;73.0;92.0;1
loc210;56.0;91.0;1
loc211;74.0;86.0;1
loc212;90.0;70.0;1
loc213;25.0;52.0;1
loc214;75.0;58.0;1
loc215;26.0;85.0;1
loc216;11.0;50.0;1
loc217;90.0;79.0;1
loc218;65.0;77.0;1
loc219;79.0;0.0;1
loc220;15.0;31.0;1
loc221;90.0;0.0;1
loc222;1.0;47.0;1
loc223;34.0;31.0;1
loc224;11.0;23.0;1
loc225;26.0;21.0;1
loc226;15.0;6.0;1
loc227;44.0;16.0;1
loc228;7.0;52.0;1
loc229;97.0;22.0;1
loc230;41.0;1.0;1
loc231;33.0;88.0;1
loc232;25.0;20.0;1
loc233;83.0;66.0;1
loc234;64.0;94.0;1
loc235;22.0;20.0;1
loc236;78.0;40.0;1
loc237;38.0;95.0;1
loc238;30.0;50.0;1
loc239;62.0;26.0;1
loc240;67.0;26.0;1
loc241;96.0;24.0;1
loc242;63.0;45.0;1
loc243;16.0;15.0;1
loc244;84.0;13.0;1
loc245;3.0;74.0;1
loc246;31.0;85.0;1
loc247;86.0;32.0;1
loc248;28.0;37.0;1
loc249;50.0;58.0;1