dep;0.4817690370938902;0.7944922019523596;0
loc1;58.0;78.0;1
loc2;43.0;56.0;1
loc3;53.0;59.0;1
loc4;42.0;95.0;1
loc5;99.0;74.0;1
loc6;91.0;6.0;1
loc7;62.0;79.0;1
loc8;43.0;57.0;1
loc9;66.0;61.0;1
loc10;40.0;99.0;1
loc11;9.0;79.0;1
loc12;14.0;97.0;1
loc13;17.0;58.0;1
loc14;34.0;9.0;1
loc15;50.0;50.0;1
loc16;18.0;13.0;1
loc17;23.0;11.0;1
loc18;48.0;84.0;1
loc19;31.0;39.0;1
loc20;82.0;33.0;1
loc21;29.0;11.0;1
loc22;7.0;0.0;1
loc23;17.0;32.0;1
loc24;48.0;22.0;1
loc25;94.0;78.0;1
loc26;83.0;12.0;1
loc27;28.0;48.0;1
loc28;1.0;35.0;1
loc29;91.0;30.0;1
loc30;99.0;39.0;1
loc31;74.0;75.0;1
loc32;22.0;13.0;1
loc33;71.0;93.0;1
loc34;19.0;15.0;1
loc35;32.0;68.0;1
loc36;6.0;9.0;1
loc37;23.0;24.0;1
loc38;52.0;82.0;1
loc39;63.0;79.0;1
loc40;17.0;14.0;1
loc41;14.0;87.0;1
loc42;60.0;13.0;1
loc43;83.0;56.0;1
loc44;66.0;4.0;1
loc45;93.0;35.0;1
loc46;61.0;5.0;1
loc47;11.0;0.0;1
loc48;65.0;33.0;1
loc49;48.0;90.0;1
loc50;98.0;41.0;1
loc51;95.0;81.0;1
loc52;97.0;29.0;1
loc53;71.0;59.0;1
loc54;89.0;55.0;1
loc55;56.0;60.0;1
loc56;54.0;71.0;1
loc57;65.0;36.0;1
loc58;10.0;31.0;1
loc59;43.0;43.0;1
loc60;56.0;68.0;1
loc61;36.0;62.0;1
loc62;10.0;86.0;1
loc63;54.0;37.0;1
loc64;42.0;57.0;1
loc65;43.0;81.0;1
loc66;23.0;96.0;1
loc67;24.0;6.0;1
loc68;76.0;50.0;1
loc69;66.0;21.0;1
loc70;10.0;4.0;1
loc71;21.0;54.0;1
loc72;29.0;74.0;1
loc73;68.0;70.0;1
loc74;72.0;66.0;1
loc75;71.0;77.0;1
loc76;72.0;47.0;1
loc77;40.0;85.0;1
loc78;60.0;75.0;1
loc79;93.0;97.0;1
loc80;54.0;25.0;1
loc81;83.0;10.0;1
loc82;92.0;78.0;1
loc83;12.0;77.0;1
loc84;6.0;59.0;1
loc85;63.0;3.0;1
loc86;72.0;47.0;1
loc87;36.0;29.0;1
loc88;59.0;56.0;1
loc89;79.0;91.0;1
loc90;84.0;61.0;1
loc91;39.0;65.0;1
loc92;81.0;13.0;1
loc93;40.0;38.0;1
loc94;25.0;26.0;1
loc95;38.0;49.0;1
loc96;44.0;85.0;1
loc97;46.0;85.0;1
loc98;92.0;47.0;1
loc99;42.0;28.0;1
loc100;3.0;78.0;1
loc101;0.0;80.0;1
loc102;33.0;31.0;1
loc103;36.0;35.0;1
loc104;46.0;31.0;1
loc105;86.0;5.0;1
loc106;93.0;68.0;1
loc107;40.0;28.0;1
loc108;16.0;82.0;1
loc109;98.0;20.0;1
loc110;35.0;91.0;1
loc111;37.0;57.0;1
loc112;29.0;92.0;1
loc113;14.0;22.0;1
loc114;99.0;18.0;1
loc115;62.0;32.0;1
loc116;48.0;94.0;1
loc117;15.0;32.0;1
loc118;42.0;21.0;1
loc119;62.0;82.0;1
loc120;10.0;72.0;1
loc121;1.0;35.0;1
loc122;66.0;95.0;1
loc123;21.0;61.0;1
loc124;5.0;57.0;1
loc125;4.0;51.0;1
loc126;52.0;81.0;1
loc127;32.0;52.0;1
loc128;13.0;52.0;1
loc129;40.0;45.0;1
loc130;60.0;31.0;1
loc131;96.0;64.0;1
loc132;89.0;54.0;1
loc133;69.0;99.0;1
loc134;35.0;31.0;1
loc135;76.0;78.0;1
loc136;94.0;15.0;1
loc137;31.0;77.0;1
loc138;21.0;28.0;1
loc139;78.0;18.0;1
loc140;3.0;44.0;1
loc141;79.0;71.0;1
loc142;3.0;60.0;1
loc143;77.0;99.0;1
loc144;55.0;91.0;1
loc145;47.0;67.0;1
loc146;25.0;7.0;1
loc147;73.0;69.0;1
loc148;53.0;20.0;1
loc149;46.0;9.0;1
loc150;72.0;97.0;1
loc151;41.0;88.0;1
loc152;3.0;39.0;1
loc153;37.0;99.0;1
loc154;5.0;68.0;1
loc155;83.0;4.0;1
loc156;98.0;57.0;1
loc157;3.0;16.0;1
loc158;19.0;9.0;1
loc159;91.0;9.0;1
loc160;27.0;58.0;1
loc161;97.0;83.0;1
loc162;29.0;1.0;1
loc163;4.0;3.0;1
loc164;97.0;94.0;1
loc165;22.0;78.0;1
loc166;37.0;34.0;1
loc167;45.0;64.0;1
loc168;72.0;42.0;1
loc169;91.0;5.0;1
loc170;82.0;1.0;1
loc171;5.0;62.0;1
loc172;3.0;73.0;1
loc173;15.0;51.0;1
loc174;18.0;83.0;1