dep;0.667308554702693;0.4152136829929589;0
loc1;92.0;18.0;1
loc2;10.0;29.0;1
loc3;86.0;21.0;1
loc4;29.0;8.0;1
loc5;16.0;3.0;1
loc6;96.0;92.0;1
loc7;99.0;44.0;1
loc8;27.0;12.0;1
loc9;91.0;59.0;1
loc10;71.0;24.0;1
loc11;45.0;92.0;1
loc12;4.0;43.0;1
loc13;23.0;16.0;1
loc14;88.0;12.0;1
loc15;88.0;37.0;1
loc16;72.0;83.0;1
loc17;98.0;36.0;1
loc18;79.0;60.0;1
loc19;21.0;87.0;1
loc20;95.0;3.0;1
loc21;70.0;31.0;1
loc22;41.0;66.0;1
loc23;70.0;29.0;1
loc24;17.0;12.0;1
loc25;2.0;32.0;1
loc26;39.0;23.0;1
loc27;47.0;35.0;1
loc28;68.0;98.0;1
loc29;27.0;58.0;1
loc30;79.0;9.0;1
loc31;50.0;65.0;1
loc32;93.0;89.0;1
loc33;96.0;34.0;1
loc34;1.0;67.0;1
loc35;99.0;79.0;1
loc36;43.0;1.0;1
loc37;65.0;33.0;1
loc38;88.0;18.0;1
loc39;57.0;9.0;1
loc40;22.0;12.0;1
loc41;59.0;16.0;1
loc42;25.0;64.0;1
loc43;87.0;34.0;1
loc44;24.0;97.0;1
loc45;62.0;75.0;1
loc46;35.0;60.0;1
loc47;64.0;67.0;1
loc48;23.0;89.0;1
loc49;77.0;52.0;1
loc50;65.0;35.0;1
loc51;62.0;71.0;1
loc52;61.0;83.0;1
loc53;77.0;51.0;1
loc54;9.0;11.0;1
loc55;26.0;18.0;1
loc56;1.0;36.0;1
loc57;82.0;10.0;1
loc58;50.0;31.0;1
loc59;58.0;63.0;1
loc60;16.0;53.0;1
loc61;28.0;7.0;1
loc62;39.0;12.0;1
loc63;76.0;91.0;1
loc64;9.0;30.0;1
loc65;26.0;86.0;1
loc66;85.0;63.0;1
loc67;2.0;13.0;1
loc68;55.0;19.0;1
loc69;94.0;95.0;1
loc70;76.0;57.0;1
loc71;52.0;41.0;1
loc72;59.0;28.0;1
loc73;82.0;89.0;1
loc74;74.0;97.0;1
loc75;35.0;19.0;1
loc76;59.0;34.0;1
loc77;36.0;75.0;1
loc78;50.0;2.0;1
loc79;93.0;84.0;1
loc80;12.0;65.0;1
loc81;39.0;65.0;1
loc82;6.0;23.0;1
loc83;41.0;49.0;1
loc84;12.0;14.0;1
loc85;51.0;3.0;1
loc86;21.0;17.0;1
loc87;19.0;89.0;1
loc88;36.0;76.0;1
loc89;5.0;24.0;1
loc90;90.0;65.0;1
loc91;54.0;21.0;1
loc92;78.0;64.0;1
loc93;36.0;50.0;1
loc94;46.0;80.0;1
loc95;36.0;67.0;1
loc96;59.0;43.0;1
loc97;76.0;80.0;1
loc98;41.0;24.0;1
loc99;41.0;49.0;1
loc100;98.0;4.0;1
loc101;70.0;17.0;1
loc102;45.0;58.0;1
loc103;76.0;68.0;1
loc104;7.0;12.0;1
loc105;81.0;40.0;1
loc106;20.0;32.0;1
loc107;64.0;75.0;1
loc108;12.0;59.0;1
loc109;34.0;28.0;1
loc110;46.0;30.0;1
loc111;23.0;43.0;1
loc112;23.0;74.0;1
loc113;52.0;74.0;1
loc114;24.0;58.0;1
loc115;73.0;7.0;1
loc116;29.0;16.0;1
loc117;33.0;24.0;1
loc118;42.0;81.0;1
loc119;70.0;15.0;1
loc120;68.0;24.0;1
loc121;18.0;26.0;1
loc122;53.0;65.0;1
loc123;7.0;34.0;1
loc124;46.0;47.0;1
loc125;47.0;53.0;1
loc126;66.0;14.0;1
loc127;49.0;77.0;1
loc128;47.0;39.0;1
loc129;56.0;37.0;1
loc130;36.0;8.0;1
loc131;14.0;35.0;1
loc132;22.0;4.0;1
loc133;44.0;48.0;1
loc134;97.0;21.0;1
loc135;97.0;69.0;1
loc136;28.0;91.0;1
loc137;70.0;95.0;1
loc138;30.0;16.0;1
loc139;42.0;53.0;1
loc140;15.0;99.0;1
loc141;34.0;45.0;1
loc142;85.0;47.0;1
loc143;34.0;77.0;1
loc144;64.0;74.0;1
loc145;32.0;21.0;1
loc146;18.0;98.0;1
loc147;31.0;59.0;1
loc148;69.0;27.0;1
loc149;53.0;41.0;1
loc150;87.0;42.0;1
loc151;41.0;35.0;1
loc152;63.0;87.0;1
loc153;63.0;77.0;1
loc154;65.0;30.0;1
loc155;14.0;62.0;1
loc156;88.0;89.0;1
loc157;57.0;84.0;1
loc158;69.0;58.0;1
loc159;75.0;6.0;1
loc160;1.0;31.0;1
loc161;68.0;44.0;1
loc162;44.0;44.0;1
loc163;72.0;53.0;1
loc164;57.0;16.0;1
loc165;54.0;96.0;1
loc166;98.0;1.0;1
loc167;51.0;57.0;1
loc168;0.0;58.0;1
loc169;19.0;86.0;1
loc170;32.0;86.0;1
loc171;37.0;42.0;1
loc172;13.0;91.0;1
loc173;78.0;31.0;1
loc174;21.0;49.0;1