dep;0.6458697173753862;0.4570551320837669;0
loc1;27.0;60.0;1
loc2;82.0;59.0;1
loc3;0.0;18.0;1
loc4;41.0;92.0;1
loc5;7.0;80.0;1
loc6;85.0;87.0;1
loc7;63.0;57.0;1
loc8;80.0;41.0;1
loc9;15.0;85.0;1
loc10;65.0;70.0;1
loc11;30.0;99.0;1
loc12;1.0;36.0;1
loc13;93.0;13.0;1
loc14;88.0;7.0;1
loc15;30.0;18.0;1
loc16;14.0;31.0;1
loc17;92.0;32.0;1
loc18;81.0;65.0;1
loc19;37.0;39.0;1
loc20;71.0;31.0;1
loc21;35.0;91.0;1
loc22;70.0;0.0;1
loc23;66.0;54.0;1
loc24;40.0;68.0;1
loc25;13.0;98.0;1
loc26;86.0;58.0;1
loc27;93.0;34.0;1
loc28;41.0;16.0;1
loc29;75.0;19.0;1
loc30;75.0;99.0;1
loc31;73.0;31.0;1
loc32;32.0;89.0;1
loc33;31.0;11.0;1
loc34;93.0;35.0;1
loc35;12.0;6.0;1
loc36;18.0;60.0;1
loc37;24.0;38.0;1
loc38;0.0;25.0;1
loc39;2.0;29.0;1
loc40;98.0;74.0;1
loc41;91.0;88.0;1
loc42;37.0;83.0;1
loc43;18.0;53.0;1
loc44;56.0;12.0;1
loc45;3.0;4.0;1
loc46;58.0;58.0;1
loc47;95.0;70.0;1
loc48;15.0;36.0;1
loc49;37.0;93.0;1
loc50;89.0;9.0;1
loc51;15.0;11.0;1
loc52;30.0;52.0;1
loc53;85.0;96.0;1
loc54;0.0;58.0;1
loc55;71.0;55.0;1
loc56;10.0;99.0;1
loc57;46.0;35.0;1
loc58;47.0;22.0;1
loc59;20.0;4.0;1
loc60;70.0;91.0;1
loc61;61.0;18.0;1
loc62;67.0;91.0;1
loc63;10.0;24.0;1
loc64;60.0;95.0;1
loc65;22.0;82.0;1
loc66;48.0;86.0;1
loc67;97.0;77.0;1
loc68;43.0;61.0;1
loc69;73.0;39.0;1
loc70;52.0;88.0;1
loc71;67.0;76.0;1
loc72;95.0;99.0;1
loc73;18.0;79.0;1
loc74;58.0;22.0;1
loc75;51.0;27.0;1
loc76;58.0;27.0;1
loc77;13.0;99.0;1
loc78;71.0;98.0;1
loc79;53.0;64.0;1
loc80;22.0;32.0;1
loc81;78.0;50.0;1
loc82;68.0;90.0;1
loc83;50.0;32.0;1
loc84;35.0;72.0;1
loc85;89.0;62.0;1
loc86;6.0;10.0;1
loc87;52.0;87.0;1
loc88;13.0;53.0;1
loc89;38.0;88.0;1
loc90;67.0;7.0;1
loc91;35.0;41.0;1
loc92;68.0;82.0;1
loc93;42.0;33.0;1
loc94;79.0;56.0;1
loc95;81.0;76.0;1
loc96;86.0;38.0;1
loc97;8.0;89.0;1
loc98;88.0;93.0;1
loc99;35.0;42.0;1
loc100;97.0;45.0;1
loc101;45.0;34.0;1
loc102;72.0;60.0;1
loc103;13.0;49.0;1
loc104;45.0;99.0;1
loc105;12.0;47.0;1
loc106;63.0;18.0;1
loc107;65.0;50.0;1
loc108;45.0;6.0;1
loc109;17.0;94.0;1
loc110;93.0;29.0;1
loc111;32.0;29.0;1
loc112;71.0;56.0;1
loc113;53.0;64.0;1
loc114;92.0;12.0;1
loc115;55.0;9.0;1
loc116;35.0;44.0;1
loc117;88.0;33.0;1
loc118;47.0;35.0;1
loc119;2.0;54.0;1
loc120;79.0;11.0;1
loc121;38.0;98.0;1
loc122;40.0;30.0;1
loc123;68.0;40.0;1
loc124;29.0;9.0;1
loc125;78.0;93.0;1
loc126;47.0;71.0;1
loc127;29.0;90.0;1
loc128;11.0;63.0;1
loc129;41.0;81.0;1
loc130;96.0;71.0;1
loc131;22.0;42.0;1
loc132;49.0;40.0;1
loc133;3.0;21.0;1
loc134;72.0;59.0;1
loc135;32.0;41.0;1
loc136;18.0;27.0;1
loc137;37.0;19.0;1
loc138;19.0;8.0;1
loc139;56.0;29.0;1
loc140;7.0;96.0;1
loc141;41.0;14.0;1
loc142;55.0;60.0;1
loc143;44.0;64.0;1
loc144;46.0;44.0;1
loc145;68.0;46.0;1
loc146;56.0;33.0;1
loc147;56.0;52.0;1
loc148;4.0;55.0;1
loc149;99.0;96.0;1
loc150;22.0;99.0;1
loc151;6.0;19.0;1
loc152;43.0;5.0;1
loc153;8.0;85.0;1
loc154;93.0;75.0;1
loc155;82.0;94.0;1
loc156;68.0;75.0;1
loc157;53.0;18.0;1
loc158;87.0;12.0;1
loc159;13.0;75.0;1
loc160;5.0;17.0;1
loc161;10.0;82.0;1
loc162;0.0;78.0;1
loc163;98.0;8.0;1
loc164;11.0;27.0;1
loc165;41.0;32.0;1
loc166;28.0;39.0;1
loc167;24.0;19.0;1
loc168;93.0;10.0;1
loc169;89.0;36.0;1
loc170;12.0;71.0;1
loc171;85.0;82.0;1
loc172;67.0;86.0;1
loc173;88.0;47.0;1
loc174;66.0;42.0;1
loc175;53.0;34.0;1
loc176;92.0;75.0;1
loc177;78.0;89.0;1
loc178;44.0;98.0;1
loc179;39.0;6.0;1
loc180;11.0;18.0;1
loc181;72.0;52.0;1
loc182;96.0;35.0;1
loc183;10.0;83.0;1
loc184;93.0;10.0;1
loc185;14.0;64.0;1
loc186;70.0;93.0;1
loc187;97.0;38.0;1
loc188;73.0;1.0;1
loc189;52.0;35.0;1
loc190;75.0;54.0;1
loc191;35.0;3.0;1
loc192;66.0;14.0;1
loc193;81.0;80.0;1
loc194;80.0;34.0;1
loc195;7.0;17.0;1
loc196;64.0;46.0;1
loc197;11.0;81.0;1
loc198;84.0;36.0;1
loc199;9.0;97.0;1
loc200;58.0;93.0;1
loc201;44.0;54.0;1
loc202;17.0;56.0;1
loc203;70.0;86.0;1
loc204;25.0;40.0;1
loc205;29.0;61.0;1
loc206;48.0;65.0;1
loc207;8.0;67.0;1
loc208;75.0;6.0;1
loc209;99.0;33.0;1
loc210;40.0;62.0;1
loc211;63.0;2.0;1
loc212;45.0;9.0;1
loc213;41.0;85.0;1
loc214;30.0;30.0;1
loc215;20.0;33.0;1
loc216;1.0;23.0;1
loc217;31.0;8.0;1
loc218;23.0;85.0;1
loc219;37.0;65.0;1
loc220;60.0;59.0;1
loc221;41.0;33.0;1
loc222;24.0;14.0;1
loc223;26.0;41.0;1
loc224;88.0;47.0;1
loc225;12.0;90.0;1
loc226;92.0;13.0;1
loc227;1.0;33.0;1
loc228;95.0;81.0;1
loc229;51.0;2.0;1
loc230;13.0;60.0;1
loc231;39.0;44.0;1
loc232;1.0;4.0;1
loc233;23.0;72.0;1
loc234;66.0;39.0;1
loc235;29.0;68.0;1
loc236;45.0;53.0;1
loc237;38.0;3.0;1
loc238;18.0;62.0;1
loc239;35.0;59.0;1
loc240;17.0;33.0;1
loc241;23.0;13.0;1
loc242;8.0;87.0;1
loc243;20.0;1.0;1
loc244;13.0;47.0;1
loc245;93.0;94.0;1
loc246;80.0;74.0;1
loc247;35.0;38.0;1
loc248;87.0;4.0;1
loc249;63.0;81.0;1