dep;0.041583698566167726;0.3653921762565622;0
loc1;62.0;90.0;1
loc2;67.0;69.0;1
loc3;97.0;4.0;1
loc4;24.0;41.0;1
loc5;87.0;91.0;1
loc6;71.0;51.0;1
loc7;19.0;99.0;1
loc8;16.0;80.0;1
loc9;67.0;39.0;1
loc10;19.0;4.0;1
loc11;32.0;8.0;1
loc12;65.0;60.0;1
loc13;71.0;30.0;1
loc14;92.0;42.0;1
loc15;49.0;39.0;1
loc16;68.0;65.0;1
loc17;25.0;56.0;1
loc18;98.0;88.0;1
loc19;25.0;89.0;1
loc20;3.0;7.0;1
loc21;18.0;69.0;1
loc22;28.0;53.0;1
loc23;18.0;56.0;1
loc24;28.0;53.0;1
loc25;89.0;34.0;1
loc26;92.0;72.0;1
loc27;4.0;70.0;1
loc28;80.0;32.0;1
loc29;97.0;43.0;1
loc30;12.0;55.0;1
loc31;75.0;46.0;1
loc32;97.0;62.0;1
loc33;19.0;17.0;1
loc34;94.0;97.0;1
loc35;81.0;12.0;1
loc36;91.0;9.0;1
loc37;29.0;31.0;1
loc38;16.0;18.0;1
loc39;45.0;56.0;1
loc40;16.0;83.0;1
loc41;79.0;15.0;1
loc42;12.0;44.0;1
loc43;81.0;84.0;1
loc44;95.0;98.0;1
loc45;81.0;88.0;1
loc46;13.0;57.0;1
loc47;48.0;8.0;1
loc48;44.0;63.0;1
loc49;35.0;86.0;1
loc50;75.0;93.0;1
loc51;28.0;94.0;1
loc52;50.0;64.0;1
loc53;15.0;75.0;1
loc54;95.0;30.0;1
loc55;44.0;72.0;1
loc56;11.0;48.0;1
loc57;34.0;70.0;1
loc58;40.0;48.0;1
loc59;31.0;38.0;1
loc60;51.0;47.0;1
loc61;26.0;39.0;1
loc62;35.0;60.0;1
loc63;63.0;98.0;1
loc64;92.0;16.0;1
loc65;21.0;88.0;1
loc66;55.0;35.0;1
loc67;14.0;50.0;1
loc68;55.0;80.0;1
loc69;33.0;87.0;1
loc70;85.0;26.0;1
loc71;68.0;70.0;1
loc72;69.0;70.0;1
loc73;41.0;43.0;1
loc74;0.0;36.0;1
loc75;70.0;1.0;1
loc76;86.0;26.0;1
loc77;17.0;33.0;1
loc78;41.0;5.0;1
loc79;99.0;30.0;1
loc80;5.0;84.0;1
loc81;34.0;17.0;1
loc82;56.0;62.0;1
loc83;31.0;53.0;1
loc84;70.0;76.0;1
loc85;50.0;48.0;1
loc86;49.0;12.0;1
loc87;67.0;53.0;1
loc88;54.0;89.0;1
loc89;85.0;33.0;1
loc90;64.0;68.0;1
loc91;89.0;16.0;1
loc92;94.0;93.0;1
loc93;86.0;31.0;1
loc94;89.0;3.0;1
loc95;82.0;40.0;1
loc96;76.0;36.0;1
loc97;94.0;58.0;1
loc98;31.0;12.0;1
loc99;79.0;34.0;1
loc100;4.0;97.0;1
loc101;27.0;51.0;1
loc102;32.0;74.0;1
loc103;30.0;90.0;1
loc104;31.0;78.0;1
loc105;85.0;2.0;1
loc106;11.0;57.0;1
loc107;10.0;28.0;1
loc108;43.0;21.0;1
loc109;20.0;35.0;1
loc110;33.0;89.0;1
loc111;63.0;63.0;1
loc112;4.0;59.0;1
loc113;24.0;71.0;1
loc114;96.0;81.0;1
loc115;53.0;77.0;1
loc116;0.0;51.0;1
loc117;63.0;42.0;1
loc118;62.0;95.0;1
loc119;65.0;0.0;1
loc120;15.0;97.0;1
loc121;18.0;28.0;1
loc122;26.0;62.0;1
loc123;24.0;28.0;1
loc124;15.0;53.0;1
loc125;52.0;42.0;1
loc126;82.0;41.0;1
loc127;10.0;87.0;1
loc128;85.0;43.0;1
loc129;4.0;0.0;1
loc130;87.0;35.0;1
loc131;3.0;87.0;1
loc132;2.0;33.0;1
loc133;27.0;58.0;1
loc134;51.0;59.0;1
loc135;89.0;4.0;1
loc136;27.0;86.0;1
loc137;19.0;96.0;1
loc138;94.0;55.0;1
loc139;15.0;73.0;1
loc140;80.0;51.0;1
loc141;29.0;80.0;1
loc142;3.0;66.0;1
loc143;59.0;21.0;1
loc144;92.0;18.0;1
loc145;80.0;5.0;1
loc146;95.0;4.0;1
loc147;16.0;95.0;1
loc148;42.0;56.0;1
loc149;90.0;63.0;1
loc150;11.0;98.0;1
loc151;24.0;52.0;1
loc152;21.0;68.0;1
loc153;53.0;15.0;1
loc154;8.0;88.0;1
loc155;63.0;73.0;1
loc156;41.0;96.0;1
loc157;36.0;41.0;1
loc158;2.0;45.0;1
loc159;42.0;60.0;1
loc160;40.0;44.0;1
loc161;5.0;5.0;1
loc162;29.0;42.0;1
loc163;8.0;62.0;1
loc164;17.0;48.0;1
loc165;69.0;32.0;1
loc166;9.0;24.0;1
loc167;40.0;11.0;1
loc168;55.0;80.0;1
loc169;36.0;51.0;1
loc170;59.0;57.0;1
loc171;36.0;67.0;1
loc172;98.0;91.0;1
loc173;36.0;92.0;1
loc174;17.0;96.0;1
loc175;70.0;68.0;1
loc176;29.0;66.0;1
loc177;85.0;54.0;1
loc178;97.0;75.0;1
loc179;4.0;99.0;1
loc180;78.0;84.0;1
loc181;0.0;99.0;1
loc182;10.0;2.0;1
loc183;91.0;6.0;1
loc184;36.0;58.0;1
loc185;11.0;33.0;1
loc186;13.0;11.0;1
loc187;2.0;96.0;1
loc188;36.0;13.0;1
loc189;61.0;35.0;1
loc190;45.0;9.0;1
loc191;77.0;46.0;1
loc192;51.0;56.0;1
loc193;60.0;66.0;1
loc194;19.0;34.0;1
loc195;22.0;34.0;1
loc196;73.0;85.0;1
loc197;74.0;35.0;1
loc198;86.0;75.0;1
loc199;26.0;16.0;1
loc200;61.0;93.0;1
loc201;78.0;37.0;1
loc202;12.0;72.0;1
loc203;50.0;23.0;1
loc204;50.0;6.0;1
loc205;29.0;45.0;1
loc206;18.0;86.0;1
loc207;94.0;26.0;1
loc208;15.0;86.0;1
loc209;25.0;87.0;1
loc210;63.0;47.0;1
loc211;35.0;12.0;1
loc212;39.0;59.0;1
loc213;63.0;3.0;1
loc214;64.0;42.0;1
loc215;78.0;82.0;1
loc216;33.0;18.0;1
loc217;86.0;11.0;1
loc218;46.0;54.0;1
loc219;58.0;65.0;1
loc220;32.0;33.0;1
loc221;50.0;61.0;1
loc222;19.0;1.0;1
loc223;57.0;43.0;1
loc224;8.0;83.0;1
loc225;5.0;55.0;1
loc226;4.0;38.0;1
loc227;55.0;28.0;1
loc228;47.0;21.0;1
loc229;4.0;41.0;1
loc230;18.0;5.0;1
loc231;13.0;35.0;1
loc232;68.0;48.0;1
loc233;71.0;27.0;1
loc234;15.0;68.0;1
loc235;23.0;92.0;1
loc236;23.0;79.0;1
loc237;28.0;48.0;1
loc238;93.0;21.0;1
loc239;75.0;41.0;1
loc240;18.0;52.0;1
loc241;56.0;67.0;1
loc242;55.0;88.0;1
loc243;38.0;59.0;1
loc244;1.0;72.0;1
loc245;69.0;3.0;1
loc246;18.0;75.0;1
loc247;89.0;55.0;1
loc248;38.0;96.0;1
loc249;96.0;56.0;1