dep;0.6872808619047478;0.09382647225774199;0
loc1;80.0;75.0;1
loc2;2.0;49.0;1
loc3;1.0;99.0;1
loc4;18.0;80.0;1
loc5;8.0;29.0;1
loc6;41.0;71.0;1
loc7;39.0;11.0;1
loc8;90.0;35.0;1
loc9;85.0;37.0;1
loc10;46.0;79.0;1
loc11;79.0;38.0;1
loc12;56.0;15.0;1
loc13;52.0;80.0;1
loc14;29.0;49.0;1
loc15;60.0;6.0;1
loc16;91.0;17.0;1
loc17;49.0;88.0;1
loc18;4.0;57.0;1
loc19;81.0;3.0;1
loc20;39.0;10.0;1
loc21;88.0;90.0;1
loc22;94.0;31.0;1
loc23;43.0;57.0;1
loc24;36.0;48.0;1
loc25;83.0;64.0;1
loc26;15.0;14.0;1
loc27;36.0;40.0;1
loc28;78.0;34.0;1
loc29;37.0;22.0;1
loc30;96.0;7.0;1
loc31;37.0;61.0;1
loc32;89.0;62.0;1
loc33;45.0;55.0;1
loc34;23.0;37.0;1
loc35;68.0;15.0;1
loc36;11.0;0.0;1
loc37;12.0;58.0;1
loc38;10.0;28.0;1
loc39;6.0;13.0;1
loc40;61.0;45.0;1
loc41;22.0;39.0;1
loc42;55.0;64.0;1
loc43;86.0;48.0;1
loc44;41.0;50.0;1
loc45;61.0;53.0;1
loc46;14.0;73.0;1
loc47;72.0;39.0;1
loc48;74.0;9.0;1
loc49;27.0;92.0;1
loc50;90.0;45.0;1
loc51;79.0;57.0;1
loc52;77.0;16.0;1
loc53;96.0;10.0;1
loc54;73.0;51.0;1
loc55;99.0;70.0;1
loc56;66.0;95.0;1
loc57;10.0;43.0;1
loc58;12.0;52.0;1
loc59;82.0;15.0;1
loc60;92.0;8.0;1
loc61;39.0;67.0;1
loc62;20.0;2.0;1
loc63;10.0;97.0;1
loc64;52.0;46.0;1
loc65;29.0;51.0;1
loc66;30.0;71.0;1
loc67;45.0;91.0;1
loc68;91.0;32.0;1
loc69;57.0;57.0;1
loc70;91.0;64.0;1
loc71;95.0;82.0;1
loc72;14.0;20.0;1
loc73;79.0;63.0;1
loc74;73.0;55.0;1
loc75;56.0;34.0;1
loc76;69.0;74.0;1
loc77;7.0;37.0;1
loc78;32.0;27.0;1
loc79;7.0;39.0;1
loc80;76.0;73.0;1
loc81;42.0;25.0;1
loc82;64.0;93.0;1
loc83;39.0;6.0;1
loc84;15.0;18.0;1
loc85;41.0;36.0;1
loc86;1.0;66.0;1
loc87;69.0;71.0;1
loc88;87.0;86.0;1
loc89;61.0;20.0;1
loc90;46.0;65.0;1
loc91;3.0;51.0;1
loc92;34.0;54.0;1
loc93;84.0;53.0;1
loc94;49.0;39.0;1
loc95;86.0;17.0;1
loc96;10.0;26.0;1
loc97;2.0;42.0;1
loc98;21.0;23.0;1
loc99;96.0;22.0;1
loc100;62.0;96.0;1
loc101;41.0;94.0;1
loc102;66.0;10.0;1
loc103;27.0;15.0;1
loc104;59.0;19.0;1
loc105;67.0;69.0;1
loc106;67.0;90.0;1
loc107;99.0;79.0;1
loc108;55.0;63.0;1
loc109;40.0;62.0;1
loc110;31.0;32.0;1
loc111;75.0;39.0;1
loc112;62.0;93.0;1
loc113;65.0;40.0;1
loc114;36.0;59.0;1
loc115;81.0;63.0;1
loc116;31.0;29.0;1
loc117;14.0;60.0;1
loc118;59.0;59.0;1
loc119;1.0;8.0;1
loc120;15.0;9.0;1
loc121;35.0;34.0;1
loc122;5.0;77.0;1
loc123;22.0;42.0;1
loc124;54.0;17.0;1
loc125;42.0;13.0;1
loc126;54.0;31.0;1
loc127;48.0;61.0;1
loc128;59.0;15.0;1
loc129;79.0;50.0;1
loc130;18.0;42.0;1
loc131;98.0;69.0;1
loc132;96.0;29.0;1
loc133;50.0;5.0;1
loc134;62.0;31.0;1
loc135;4.0;55.0;1
loc136;11.0;47.0;1
loc137;24.0;40.0;1
loc138;43.0;54.0;1
loc139;25.0;60.0;1
loc140;53.0;40.0;1
loc141;2.0;17.0;1
loc142;67.0;59.0;1
loc143;46.0;79.0;1
loc144;31.0;54.0;1
loc145;8.0;21.0;1
loc146;62.0;31.0;1
loc147;61.0;76.0;1
loc148;51.0;1.0;1
loc149;62.0;57.0;1
loc150;81.0;91.0;1
loc151;67.0;21.0;1
loc152;19.0;94.0;1
loc153;75.0;51.0;1
loc154;18.0;51.0;1
loc155;35.0;72.0;1
loc156;66.0;81.0;1
loc157;88.0;95.0;1
loc158;1.0;70.0;1
loc159;16.0;68.0;1
loc160;80.0;88.0;1
loc161;36.0;19.0;1
loc162;68.0;32.0;1
loc163;13.0;28.0;1
loc164;73.0;63.0;1
loc165;47.0;41.0;1
loc166;67.0;94.0;1
loc167;15.0;56.0;1
loc168;54.0;84.0;1
loc169;62.0;97.0;1
loc170;88.0;90.0;1
loc171;9.0;0.0;1
loc172;95.0;98.0;1
loc173;60.0;42.0;1
loc174;68.0;81.0;1
loc175;99.0;70.0;1
loc176;26.0;60.0;1
loc177;39.0;52.0;1
loc178;12.0;2.0;1
loc179;24.0;0.0;1
loc180;22.0;37.0;1
loc181;67.0;76.0;1
loc182;33.0;54.0;1
loc183;68.0;33.0;1
loc184;1.0;63.0;1
loc185;38.0;56.0;1
loc186;59.0;60.0;1
loc187;90.0;91.0;1
loc188;36.0;65.0;1
loc189;66.0;30.0;1
loc190;65.0;72.0;1
loc191;58.0;3.0;1
loc192;15.0;30.0;1
loc193;77.0;62.0;1
loc194;75.0;53.0;1
loc195;18.0;70.0;1
loc196;22.0;26.0;1
loc197;84.0;2.0;1
loc198;62.0;20.0;1
loc199;13.0;88.0;1
loc200;12.0;17.0;1
loc201;47.0;80.0;1
loc202;70.0;0.0;1
loc203;91.0;12.0;1
loc204;39.0;81.0;1
loc205;42.0;96.0;1
loc206;71.0;62.0;1
loc207;10.0;48.0;1
loc208;17.0;63.0;1
loc209;11.0;28.0;1
loc210;63.0;72.0;1
loc211;21.0;0.0;1
loc212;72.0;66.0;1
loc213;88.0;52.0;1
loc214;86.0;40.0;1
loc215;26.0;4.0;1
loc216;15.0;16.0;1
loc217;25.0;68.0;1
loc218;54.0;75.0;1
loc219;27.0;32.0;1
loc220;86.0;6.0;1
loc221;96.0;39.0;1
loc222;82.0;40.0;1
loc223;34.0;54.0;1
loc224;93.0;9.0;1
loc225;27.0;91.0;1
loc226;47.0;8.0;1
loc227;22.0;95.0;1
loc228;37.0;1.0;1
loc229;81.0;18.0;1
loc230;61.0;69.0;1
loc231;1.0;83.0;1
loc232;33.0;11.0;1
loc233;84.0;40.0;1
loc234;14.0;17.0;1
loc235;19.0;72.0;1
loc236;38.0;48.0;1
loc237;40.0;23.0;1
loc238;63.0;93.0;1
loc239;32.0;7.0;1
loc240;83.0;10.0;1
loc241;50.0;9.0;1
loc242;88.0;60.0;1
loc243;35.0;96.0;1
loc244;25.0;91.0;1
loc245;62.0;6.0;1
loc246;72.0;24.0;1
loc247;23.0;88.0;1
loc248;16.0;58.0;1
loc249;32.0;9.0;1