dep;0.38769864850456404;0.1510953932752609;0
loc1;10.0;85.0;1
loc2;14.0;50.0;1
loc3;60.0;89.0;1
loc4;61.0;39.0;1
loc5;53.0;53.0;1
loc6;1.0;27.0;1
loc7;51.0;31.0;1
loc8;79.0;60.0;1
loc9;66.0;90.0;1
loc10;34.0;1.0;1
loc11;35.0;76.0;1
loc12;4.0;80.0;1
loc13;11.0;67.0;1
loc14;27.0;24.0;1
loc15;91.0;80.0;1
loc16;7.0;23.0;1
loc17;26.0;52.0;1
loc18;76.0;67.0;1
loc19;22.0;14.0;1
loc20;65.0;59.0;1
loc21;24.0;29.0;1
loc22;19.0;61.0;1
loc23;48.0;23.0;1
loc24;52.0;98.0;1
loc25;17.0;96.0;1
loc26;71.0;34.0;1
loc27;3.0;86.0;1
loc28;40.0;6.0;1
loc29;78.0;29.0;1
loc30;69.0;96.0;1
loc31;90.0;59.0;1
loc32;56.0;22.0;1
loc33;64.0;49.0;1
loc34;74.0;92.0;1
loc35;5.0;78.0;1
loc36;62.0;4.0;1
loc37;59.0;2.0;1
loc38;70.0;44.0;1
loc39;46.0;30.0;1
loc40;58.0;23.0;1
loc41;12.0;79.0;1
loc42;70.0;16.0;1
loc43;32.0;52.0;1
loc44;50.0;16.0;1
loc45;42.0;53.0;1
loc46;10.0;30.0;1
loc47;36.0;70.0;1
loc48;5.0;38.0;1
loc49;97.0;14.0;1
loc50;39.0;96.0;1
loc51;6.0;26.0;1
loc52;91.0;72.0;1
loc53;38.0;31.0;1
loc54;30.0;86.0;1
loc55;84.0;95.0;1
loc56;54.0;7.0;1
loc57;0.0;30.0;1
loc58;39.0;43.0;1
loc59;11.0;9.0;1
loc60;67.0;18.0;1
loc61;96.0;16.0;1
loc62;83.0;35.0;1
loc63;15.0;26.0;1
loc64;93.0;87.0;1
loc65;21.0;26.0;1
loc66;89.0;51.0;1
loc67;99.0;93.0;1
loc68;9.0;41.0;1
loc69;72.0;31.0;1
loc70;28.0;14.0;1
loc71;90.0;35.0;1
loc72;48.0;98.0;1
loc73;17.0;91.0;1
loc74;38.0;83.0;1
loc75;63.0;57.0;1
loc76;27.0;71.0;1
loc77;32.0;48.0;1
loc78;70.0;6.0;1
loc79;9.0;7.0;1
loc80;9.0;53.0;1
loc81;20.0;93.0;1
loc82;91.0;2.0;1
loc83;31.0;29.0;1
loc84;27.0;40.0;1
loc85;82.0;44.0;1
loc86;62.0;50.0;1
loc87;96.0;42.0;1
loc88;3.0;3.0;1
loc89;55.0;6.0;1
loc90;24.0;69.0;1
loc91;60.0;50.0;1
loc92;17.0;37.0;1
loc93;29.0;59.0;1
loc94;49.0;3.0;1
loc95;5.0;33.0;1
loc96;16.0;84.0;1
loc97;18.0;95.0;1
loc98;57.0;20.0;1
loc99;78.0;63.0;1
loc100;50.0;33.0;1
loc101;36.0;5.0;1
loc102;50.0;10.0;1
loc103;43.0;83.0;1
loc104;91.0;56.0;1
loc105;6.0;17.0;1
loc106;83.0;73.0;1
loc107;30.0;58.0;1
loc108;46.0;94.0;1
loc109;93.0;91.0;1
loc110;74.0;23.0;1
loc111;7.0;99.0;1
loc112;43.0;75.0;1
loc113;42.0;29.0;1
loc114;7.0;70.0;1
loc115;17.0;66.0;1
loc116;81.0;68.0;1
loc117;6.0;15.0;1
loc118;10.0;34.0;1
loc119;18.0;59.0;1
loc120;21.0;76.0;1
loc121;61.0;97.0;1
loc122;0.0;6.0;1
loc123;90.0;62.0;1
loc124;45.0;76.0;1
loc125;34.0;98.0;1
loc126;34.0;94.0;1
loc127;60.0;66.0;1
loc128;42.0;20.0;1
loc129;46.0;89.0;1
loc130;12.0;95.0;1
loc131;35.0;55.0;1
loc132;17.0;21.0;1
loc133;28.0;36.0;1
loc134;68.0;79.0;1
loc135;94.0;17.0;1
loc136;53.0;90.0;1
loc137;45.0;79.0;1
loc138;16.0;56.0;1
loc139;55.0;41.0;1
loc140;22.0;73.0;1
loc141;21.0;79.0;1
loc142;62.0;70.0;1
loc143;59.0;69.0;1
loc144;80.0;33.0;1
loc145;28.0;89.0;1
loc146;62.0;3.0;1
loc147;36.0;30.0;1
loc148;17.0;51.0;1
loc149;89.0;82.0;1
loc150;54.0;37.0;1
loc151;49.0;91.0;1
loc152;2.0;95.0;1
loc153;54.0;10.0;1
loc154;29.0;87.0;1
loc155;73.0;20.0;1
loc156;82.0;14.0;1
loc157;1.0;50.0;1
loc158;29.0;41.0;1
loc159;40.0;45.0;1
loc160;5.0;11.0;1
loc161;69.0;36.0;1
loc162;16.0;55.0;1
loc163;16.0;70.0;1
loc164;98.0;28.0;1
loc165;6.0;76.0;1
loc166;90.0;31.0;1
loc167;97.0;67.0;1
loc168;81.0;0.0;1
loc169;72.0;22.0;1
loc170;76.0;96.0;1
loc171;73.0;67.0;1
loc172;29.0;67.0;1
loc173;4.0;40.0;1
loc174;54.0;59.0;1