dep;0.20332691008117887;0.866153598014741;0
loc1;6.0;44.0;1
loc2;57.0;36.0;1
loc3;72.0;78.0;1
loc4;98.0;7.0;1
loc5;67.0;76.0;1
loc6;82.0;72.0;1
loc7;98.0;29.0;1
loc8;39.0;42.0;1
loc9;24.0;69.0;1
loc10;27.0;47.0;1
loc11;64.0;71.0;1
loc12;70.0;66.0;1
loc13;50.0;31.0;1
loc14;3.0;71.0;1
loc15;69.0;22.0;1
loc16;22.0;68.0;1
loc17;72.0;27.0;1
loc18;45.0;80.0;1
loc19;72.0;32.0;1
loc20;95.0;46.0;1
loc21;15.0;90.0;1
loc22;58.0;21.0;1
loc23;63.0;86.0;1
loc24;37.0;35.0;1
loc25;66.0;66.0;1
loc26;42.0;17.0;1
loc27;18.0;40.0;1
loc28;79.0;10.0;1
loc29;70.0;9.0;1
loc30;84.0;36.0;1
loc31;76.0;61.0;1
loc32;25.0;24.0;1
loc33;7.0;15.0;1
loc34;89.0;37.0;1
loc35;28.0;56.0;1
loc36;1.0;65.0;1
loc37;60.0;26.0;1
loc38;89.0;59.0;1
loc39;84.0;16.0;1
loc40;61.0;37.0;1
loc41;46.0;89.0;1
loc42;41.0;21.0;1
loc43;90.0;45.0;1
loc44;31.0;24.0;1
loc45;53.0;99.0;1
loc46;65.0;20.0;1
loc47;65.0;1.0;1
loc48;92.0;39.0;1
loc49;57.0;30.0;1
loc50;50.0;62.0;1
loc51;48.0;11.0;1
loc52;49.0;6.0;1
loc53;82.0;38.0;1
loc54;97.0;10.0;1
loc55;15.0;72.0;1
loc56;64.0;21.0;1
loc57;35.0;93.0;1
loc58;66.0;32.0;1
loc59;20.0;91.0;1
loc60;68.0;98.0;1
loc61;83.0;91.0;1
loc62;37.0;96.0;1
loc63;15.0;11.0;1
loc64;75.0;27.0;1
loc65;63.0;14.0;1
loc66;52.0;35.0;1
loc67;81.0;57.0;1
loc68;19.0;38.0;1
loc69;60.0;56.0;1
loc70;99.0;87.0;1
loc71;84.0;49.0;1
loc72;70.0;58.0;1
loc73;51.0;69.0;1
loc74;58.0;22.0;1