dep;0.817703815157299;0.47103955486090887;0
loc1;5.0;22.0;1
loc2;83.0;59.0;1
loc3;66.0;21.0;1
loc4;78.0;74.0;1
loc5;94.0;0.0;1
loc6;7.0;13.0;1
loc7;55.0;3.0;1
loc8;61.0;49.0;1
loc9;21.0;0.0;1
loc10;44.0;36.0;1
loc11;4.0;50.0;1
loc12;73.0;39.0;1
loc13;69.0;61.0;1
loc14;42.0;48.0;1
loc15;94.0;35.0;1
loc16;31.0;9.0;1
loc17;63.0;12.0;1
loc18;49.0;86.0;1
loc19;76.0;71.0;1
loc20;20.0;41.0;1
loc21;39.0;66.0;1
loc22;58.0;60.0;1
loc23;24.0;17.0;1
loc24;23.0;81.0;1
loc25;18.0;30.0;1
loc26;0.0;58.0;1
loc27;98.0;12.0;1
loc28;89.0;58.0;1
loc29;98.0;9.0;1
loc30;28.0;85.0;1
loc31;99.0;94.0;1
loc32;67.0;96.0;1
loc33;19.0;64.0;1
loc34;86.0;1.0;1
loc35;18.0;69.0;1
loc36;1.0;82.0;1
loc37;82.0;30.0;1
loc38;1.0;40.0;1
loc39;66.0;71.0;1
loc40;22.0;96.0;1
loc41;48.0;87.0;1
loc42;34.0;21.0;1
loc43;90.0;51.0;1
loc44;77.0;6.0;1
loc45;74.0;58.0;1
loc46;76.0;64.0;1
loc47;39.0;20.0;1
loc48;53.0;83.0;1
loc49;16.0;36.0;1
loc50;13.0;6.0;1
loc51;41.0;43.0;1
loc52;33.0;88.0;1
loc53;60.0;67.0;1
loc54;92.0;7.0;1
loc55;77.0;81.0;1
loc56;81.0;37.0;1
loc57;55.0;40.0;1
loc58;40.0;18.0;1
loc59;75.0;19.0;1
loc60;71.0;89.0;1
loc61;81.0;78.0;1
loc62;95.0;29.0;1
loc63;42.0;16.0;1
loc64;62.0;7.0;1
loc65;11.0;89.0;1
loc66;95.0;71.0;1
loc67;3.0;63.0;1
loc68;85.0;53.0;1
loc69;64.0;19.0;1
loc70;70.0;55.0;1
loc71;61.0;72.0;1
loc72;12.0;13.0;1
loc73;16.0;99.0;1
loc74;3.0;52.0;1
loc75;3.0;45.0;1
loc76;62.0;95.0;1
loc77;58.0;74.0;1
loc78;90.0;4.0;1
loc79;59.0;54.0;1
loc80;17.0;40.0;1
loc81;35.0;43.0;1
loc82;20.0;95.0;1
loc83;49.0;35.0;1
loc84;48.0;59.0;1
loc85;32.0;56.0;1
loc86;88.0;91.0;1
loc87;58.0;83.0;1
loc88;36.0;67.0;1
loc89;75.0;33.0;1
loc90;19.0;75.0;1
loc91;1.0;61.0;1
loc92;62.0;49.0;1
loc93;98.0;54.0;1
loc94;80.0;33.0;1
loc95;56.0;3.0;1
loc96;66.0;1.0;1
loc97;2.0;90.0;1
loc98;60.0;62.0;1
loc99;7.0;91.0;1