dep;0.9431587282203138;0.014223184127593602;0
loc1;77.0;74.0;1
loc2;53.0;16.0;1
loc3;32.0;39.0;1
loc4;96.0;14.0;1
loc5;35.0;10.0;1
loc6;38.0;51.0;1
loc7;68.0;46.0;1
loc8;13.0;90.0;1
loc9;88.0;26.0;1
loc10;67.0;7.0;1
loc11;67.0;49.0;1
loc12;97.0;19.0;1
loc13;69.0;44.0;1
loc14;87.0;51.0;1
loc15;67.0;75.0;1
loc16;75.0;4.0;1
loc17;5.0;97.0;1
loc18;77.0;7.0;1
loc19;72.0;52.0;1
loc20;32.0;72.0;1
loc21;35.0;13.0;1
loc22;3.0;65.0;1
loc23;74.0;76.0;1
loc24;42.0;45.0;1
loc25;0.0;33.0;1
loc26;3.0;38.0;1
loc27;97.0;23.0;1
loc28;30.0;40.0;1
loc29;86.0;26.0;1
loc30;49.0;48.0;1
loc31;44.0;80.0;1
loc32;86.0;77.0;1
loc33;95.0;12.0;1
loc34;47.0;63.0;1
loc35;24.0;21.0;1
loc36;59.0;86.0;1
loc37;85.0;34.0;1
loc38;67.0;13.0;1
loc39;51.0;98.0;1
loc40;96.0;45.0;1
loc41;23.0;98.0;1
loc42;48.0;60.0;1
loc43;98.0;19.0;1
loc44;16.0;8.0;1
loc45;42.0;84.0;1
loc46;4.0;29.0;1
loc47;97.0;97.0;1
loc48;75.0;1.0;1
loc49;68.0;97.0;1
loc50;99.0;0.0;1
loc51;35.0;57.0;1
loc52;49.0;44.0;1
loc53;77.0;33.0;1
loc54;42.0;0.0;1
loc55;10.0;86.0;1
loc56;69.0;26.0;1
loc57;60.0;79.0;1
loc58;76.0;49.0;1
loc59;7.0;89.0;1
loc60;82.0;89.0;1
loc61;10.0;26.0;1
loc62;92.0;26.0;1
loc63;99.0;28.0;1
loc64;93.0;68.0;1
loc65;99.0;71.0;1
loc66;61.0;31.0;1
loc67;10.0;85.0;1
loc68;9.0;46.0;1
loc69;58.0;55.0;1
loc70;12.0;97.0;1
loc71;28.0;66.0;1
loc72;73.0;36.0;1
loc73;77.0;96.0;1
loc74;64.0;46.0;1