dep;0.29181144003414694;0.2028556949149627;0
loc1;14.0;31.0;1
loc2;88.0;35.0;1
loc3;24.0;31.0;1
loc4;91.0;71.0;1
loc5;0.0;25.0;1
loc6;10.0;51.0;1
loc7;33.0;38.0;1
loc8;81.0;56.0;1
loc9;86.0;43.0;1
loc10;53.0;18.0;1
loc11;10.0;90.0;1
loc12;9.0;68.0;1
loc13;81.0;37.0;1
loc14;47.0;78.0;1
loc15;71.0;74.0;1
loc16;52.0;33.0;1
loc17;97.0;59.0;1
loc18;79.0;1.0;1
loc19;89.0;55.0;1
loc20;24.0;85.0;1
loc21;14.0;67.0;1
loc22;35.0;15.0;1
loc23;93.0;19.0;1
loc24;65.0;62.0;1
loc25;24.0;49.0;1
loc26;63.0;98.0;1
loc27;53.0;57.0;1
loc28;79.0;35.0;1
loc29;20.0;66.0;1
loc30;85.0;31.0;1
loc31;49.0;77.0;1
loc32;81.0;22.0;1
loc33;48.0;88.0;1
loc34;78.0;64.0;1
loc35;47.0;54.0;1
loc36;70.0;54.0;1
loc37;82.0;2.0;1
loc38;27.0;9.0;1
loc39;10.0;69.0;1
loc40;68.0;84.0;1
loc41;4.0;77.0;1
loc42;96.0;0.0;1
loc43;71.0;57.0;1
loc44;35.0;99.0;1
loc45;41.0;75.0;1
loc46;50.0;19.0;1
loc47;70.0;6.0;1
loc48;62.0;97.0;1
loc49;14.0;48.0;1
loc50;2.0;31.0;1
loc51;1.0;27.0;1
loc52;22.0;70.0;1
loc53;26.0;25.0;1
loc54;76.0;12.0;1
loc55;65.0;26.0;1
loc56;57.0;69.0;1
loc57;58.0;0.0;1
loc58;37.0;97.0;1
loc59;6.0;49.0;1
loc60;80.0;56.0;1
loc61;41.0;55.0;1
loc62;68.0;86.0;1
loc63;87.0;88.0;1
loc64;36.0;62.0;1
loc65;21.0;9.0;1
loc66;76.0;94.0;1
loc67;23.0;27.0;1
loc68;36.0;4.0;1
loc69;7.0;78.0;1
loc70;35.0;93.0;1
loc71;61.0;15.0;1
loc72;60.0;23.0;1
loc73;18.0;72.0;1
loc74;64.0;32.0;1
loc75;68.0;74.0;1
loc76;87.0;46.0;1
loc77;16.0;38.0;1
loc78;90.0;69.0;1
loc79;67.0;52.0;1
loc80;18.0;78.0;1
loc81;11.0;50.0;1
loc82;70.0;94.0;1
loc83;81.0;90.0;1
loc84;99.0;90.0;1
loc85;17.0;32.0;1
loc86;40.0;95.0;1
loc87;90.0;99.0;1
loc88;42.0;61.0;1
loc89;32.0;91.0;1
loc90;98.0;78.0;1
loc91;40.0;19.0;1
loc92;43.0;76.0;1
loc93;30.0;68.0;1
loc94;52.0;75.0;1
loc95;74.0;62.0;1
loc96;25.0;23.0;1
loc97;77.0;63.0;1
loc98;73.0;30.0;1
loc99;16.0;71.0;1
loc100;59.0;83.0;1
loc101;91.0;12.0;1
loc102;8.0;70.0;1
loc103;32.0;79.0;1
loc104;3.0;14.0;1
loc105;83.0;19.0;1
loc106;56.0;73.0;1
loc107;46.0;57.0;1
loc108;58.0;24.0;1
loc109;18.0;66.0;1
loc110;69.0;61.0;1
loc111;53.0;46.0;1
loc112;84.0;62.0;1
loc113;75.0;9.0;1
loc114;98.0;75.0;1
loc115;15.0;63.0;1
loc116;82.0;66.0;1
loc117;47.0;40.0;1
loc118;81.0;27.0;1
loc119;8.0;11.0;1
loc120;98.0;31.0;1
loc121;88.0;78.0;1
loc122;12.0;0.0;1
loc123;19.0;40.0;1
loc124;68.0;60.0;1
loc125;73.0;94.0;1
loc126;95.0;54.0;1
loc127;87.0;83.0;1
loc128;16.0;74.0;1
loc129;20.0;22.0;1
loc130;67.0;36.0;1
loc131;27.0;90.0;1
loc132;33.0;1.0;1
loc133;71.0;6.0;1
loc134;20.0;9.0;1
loc135;13.0;11.0;1
loc136;12.0;21.0;1
loc137;71.0;27.0;1
loc138;56.0;96.0;1
loc139;66.0;51.0;1
loc140;34.0;58.0;1
loc141;47.0;90.0;1
loc142;33.0;18.0;1
loc143;4.0;69.0;1
loc144;77.0;73.0;1
loc145;98.0;88.0;1
loc146;82.0;5.0;1
loc147;42.0;27.0;1
loc148;18.0;90.0;1
loc149;8.0;93.0;1
loc150;26.0;9.0;1
loc151;27.0;34.0;1
loc152;20.0;90.0;1
loc153;24.0;50.0;1
loc154;50.0;48.0;1
loc155;99.0;87.0;1
loc156;91.0;16.0;1
loc157;60.0;81.0;1
loc158;83.0;2.0;1
loc159;92.0;34.0;1
loc160;26.0;14.0;1
loc161;67.0;17.0;1
loc162;33.0;79.0;1
loc163;14.0;83.0;1
loc164;89.0;74.0;1
loc165;29.0;12.0;1
loc166;41.0;6.0;1
loc167;87.0;88.0;1
loc168;98.0;27.0;1
loc169;19.0;16.0;1
loc170;76.0;81.0;1
loc171;63.0;28.0;1
loc172;48.0;59.0;1
loc173;72.0;71.0;1
loc174;69.0;33.0;1
loc175;92.0;92.0;1
loc176;39.0;72.0;1
loc177;0.0;39.0;1
loc178;34.0;89.0;1
loc179;14.0;26.0;1
loc180;45.0;65.0;1
loc181;64.0;70.0;1
loc182;71.0;92.0;1
loc183;44.0;39.0;1
loc184;68.0;32.0;1
loc185;71.0;11.0;1
loc186;76.0;17.0;1
loc187;57.0;38.0;1
loc188;29.0;87.0;1
loc189;82.0;12.0;1
loc190;87.0;64.0;1
loc191;67.0;51.0;1
loc192;37.0;9.0;1
loc193;64.0;45.0;1
loc194;84.0;76.0;1
loc195;19.0;19.0;1
loc196;27.0;60.0;1
loc197;47.0;28.0;1
loc198;2.0;56.0;1
loc199;18.0;17.0;1
loc200;80.0;85.0;1
loc201;1.0;57.0;1
loc202;92.0;87.0;1
loc203;81.0;12.0;1
loc204;81.0;8.0;1
loc205;83.0;96.0;1
loc206;25.0;34.0;1
loc207;69.0;53.0;1
loc208;56.0;27.0;1
loc209;41.0;48.0;1
loc210;82.0;19.0;1
loc211;23.0;35.0;1
loc212;78.0;13.0;1
loc213;47.0;3.0;1
loc214;8.0;25.0;1
loc215;17.0;90.0;1
loc216;6.0;26.0;1
loc217;5.0;61.0;1
loc218;55.0;12.0;1
loc219;11.0;6.0;1
loc220;0.0;42.0;1
loc221;19.0;32.0;1
loc222;31.0;7.0;1
loc223;35.0;52.0;1
loc224;87.0;39.0;1
loc225;73.0;94.0;1
loc226;58.0;2.0;1
loc227;44.0;37.0;1
loc228;15.0;20.0;1
loc229;52.0;64.0;1
loc230;95.0;12.0;1
loc231;30.0;40.0;1
loc232;67.0;95.0;1
loc233;10.0;94.0;1
loc234;64.0;31.0;1
loc235;56.0;6.0;1
loc236;91.0;9.0;1
loc237;98.0;38.0;1
loc238;25.0;68.0;1
loc239;56.0;60.0;1
loc240;98.0;98.0;1
loc241;13.0;89.0;1
loc242;87.0;34.0;1
loc243;10.0;63.0;1
loc244;14.0;31.0;1
loc245;73.0;45.0;1
loc246;33.0;52.0;1
loc247;76.0;81.0;1
loc248;86.0;11.0;1
loc249;98.0;87.0;1