dep;0.22230040577843835;0.7610164715471612;0
loc1;6.0;9.0;1
loc2;8.0;85.0;1
loc3;32.0;15.0;1
loc4;31.0;94.0;1
loc5;60.0;34.0;1
loc6;62.0;35.0;1
loc7;53.0;52.0;1
loc8;36.0;82.0;1
loc9;11.0;82.0;1
loc10;82.0;73.0;1
loc11;80.0;74.0;1
loc12;3.0;34.0;1
loc13;7.0;22.0;1
loc14;28.0;40.0;1
loc15;73.0;21.0;1
loc16;46.0;9.0;1
loc17;85.0;96.0;1
loc18;11.0;38.0;1
loc19;65.0;99.0;1
loc20;24.0;70.0;1
loc21;79.0;73.0;1
loc22;84.0;69.0;1
loc23;10.0;82.0;1
loc24;75.0;96.0;1
loc25;73.0;17.0;1
loc26;82.0;3.0;1
loc27;18.0;75.0;1
loc28;78.0;75.0;1
loc29;5.0;67.0;1
loc30;96.0;35.0;1
loc31;64.0;79.0;1
loc32;99.0;10.0;1
loc33;31.0;87.0;1
loc34;18.0;43.0;1
loc35;21.0;10.0;1
loc36;53.0;17.0;1
loc37;37.0;26.0;1
loc38;19.0;14.0;1
loc39;20.0;53.0;1
loc40;47.0;46.0;1
loc41;8.0;90.0;1
loc42;15.0;0.0;1
loc43;65.0;81.0;1
loc44;87.0;5.0;1
loc45;0.0;89.0;1
loc46;79.0;98.0;1
loc47;49.0;39.0;1
loc48;91.0;46.0;1
loc49;99.0;16.0;1
loc50;71.0;81.0;1
loc51;84.0;8.0;1
loc52;79.0;99.0;1
loc53;31.0;17.0;1
loc54;35.0;92.0;1
loc55;81.0;96.0;1
loc56;8.0;0.0;1
loc57;58.0;26.0;1
loc58;70.0;44.0;1
loc59;89.0;36.0;1
loc60;82.0;45.0;1
loc61;5.0;5.0;1
loc62;16.0;85.0;1
loc63;31.0;78.0;1
loc64;94.0;60.0;1
loc65;2.0;5.0;1
loc66;1.0;20.0;1
loc67;41.0;9.0;1
loc68;32.0;49.0;1
loc69;55.0;5.0;1
loc70;22.0;64.0;1
loc71;54.0;11.0;1
loc72;54.0;87.0;1
loc73;9.0;49.0;1
loc74;63.0;43.0;1
loc75;89.0;28.0;1
loc76;18.0;58.0;1
loc77;23.0;94.0;1
loc78;83.0;32.0;1
loc79;72.0;78.0;1
loc80;32.0;33.0;1
loc81;6.0;82.0;1
loc82;14.0;67.0;1
loc83;66.0;77.0;1
loc84;25.0;87.0;1
loc85;87.0;31.0;1
loc86;79.0;86.0;1
loc87;46.0;90.0;1
loc88;65.0;75.0;1
loc89;69.0;3.0;1
loc90;25.0;12.0;1
loc91;55.0;2.0;1
loc92;41.0;97.0;1
loc93;46.0;70.0;1
loc94;46.0;94.0;1
loc95;18.0;93.0;1
loc96;65.0;24.0;1
loc97;93.0;85.0;1
loc98;38.0;32.0;1
loc99;1.0;57.0;1
loc100;7.0;19.0;1
loc101;46.0;66.0;1
loc102;44.0;58.0;1
loc103;27.0;78.0;1
loc104;37.0;66.0;1
loc105;49.0;11.0;1
loc106;73.0;49.0;1
loc107;88.0;12.0;1
loc108;98.0;85.0;1
loc109;34.0;34.0;1
loc110;42.0;93.0;1
loc111;85.0;54.0;1
loc112;89.0;89.0;1
loc113;91.0;99.0;1
loc114;22.0;54.0;1
loc115;95.0;67.0;1
loc116;28.0;91.0;1
loc117;41.0;88.0;1
loc118;45.0;92.0;1
loc119;19.0;69.0;1
loc120;54.0;86.0;1
loc121;76.0;41.0;1
loc122;66.0;85.0;1
loc123;11.0;20.0;1
loc124;69.0;74.0;1
loc125;0.0;74.0;1
loc126;86.0;31.0;1
loc127;55.0;65.0;1
loc128;20.0;65.0;1
loc129;50.0;35.0;1
loc130;22.0;32.0;1
loc131;67.0;37.0;1
loc132;90.0;19.0;1
loc133;59.0;58.0;1
loc134;51.0;28.0;1
loc135;95.0;29.0;1
loc136;36.0;59.0;1
loc137;29.0;15.0;1
loc138;61.0;75.0;1
loc139;31.0;25.0;1
loc140;6.0;77.0;1
loc141;78.0;49.0;1
loc142;87.0;86.0;1
loc143;94.0;7.0;1
loc144;70.0;87.0;1
loc145;40.0;51.0;1
loc146;97.0;12.0;1
loc147;47.0;58.0;1
loc148;67.0;22.0;1
loc149;76.0;3.0;1
loc150;14.0;66.0;1
loc151;54.0;69.0;1
loc152;19.0;88.0;1
loc153;49.0;67.0;1
loc154;21.0;40.0;1
loc155;27.0;39.0;1
loc156;29.0;89.0;1
loc157;67.0;20.0;1
loc158;76.0;20.0;1
loc159;55.0;74.0;1
loc160;31.0;48.0;1
loc161;68.0;36.0;1
loc162;91.0;52.0;1
loc163;93.0;22.0;1
loc164;73.0;88.0;1
loc165;60.0;73.0;1
loc166;45.0;94.0;1
loc167;82.0;77.0;1
loc168;23.0;93.0;1
loc169;78.0;6.0;1
loc170;63.0;37.0;1
loc171;4.0;54.0;1
loc172;6.0;26.0;1
loc173;80.0;98.0;1
loc174;63.0;6.0;1