dep;0.3436381337878901;0.27412938377528684;0
loc1;70.0;36.0;1
loc2;84.0;1.0;1
loc3;82.0;67.0;1
loc4;20.0;33.0;1
loc5;67.0;21.0;1
loc6;20.0;90.0;1
loc7;68.0;65.0;1
loc8;55.0;68.0;1
loc9;65.0;34.0;1
loc10;88.0;48.0;1
loc11;17.0;85.0;1
loc12;91.0;43.0;1
loc13;42.0;97.0;1
loc14;8.0;33.0;1
loc15;50.0;70.0;1
loc16;16.0;51.0;1
loc17;97.0;96.0;1
loc18;8.0;14.0;1
loc19;32.0;27.0;1
loc20;65.0;62.0;1
loc21;33.0;80.0;1
loc22;61.0;35.0;1
loc23;42.0;11.0;1
loc24;27.0;72.0;1
loc25;70.0;9.0;1
loc26;94.0;37.0;1
loc27;87.0;60.0;1
loc28;58.0;19.0;1
loc29;47.0;57.0;1
loc30;32.0;60.0;1
loc31;42.0;86.0;1
loc32;87.0;81.0;1
loc33;82.0;30.0;1
loc34;56.0;1.0;1
loc35;41.0;22.0;1
loc36;74.0;82.0;1
loc37;64.0;42.0;1
loc38;61.0;99.0;1
loc39;92.0;69.0;1
loc40;86.0;21.0;1
loc41;29.0;47.0;1
loc42;79.0;3.0;1
loc43;8.0;69.0;1
loc44;63.0;10.0;1
loc45;99.0;10.0;1
loc46;56.0;93.0;1
loc47;81.0;72.0;1
loc48;70.0;6.0;1
loc49;8.0;53.0;1