dep;0.01983571217907698;0.09392959003464241;0
loc1;82.0;74.0;1
loc2;28.0;29.0;1
loc3;14.0;43.0;1
loc4;2.0;44.0;1
loc5;25.0;49.0;1
loc6;42.0;92.0;1
loc7;32.0;75.0;1
loc8;81.0;40.0;1
loc9;63.0;55.0;1
loc10;74.0;42.0;1
loc11;10.0;87.0;1
loc12;36.0;38.0;1
loc13;55.0;41.0;1
loc14;26.0;62.0;1
loc15;33.0;85.0;1
loc16;57.0;87.0;1
loc17;36.0;3.0;1
loc18;20.0;58.0;1
loc19;25.0;23.0;1
loc20;43.0;66.0;1
loc21;27.0;90.0;1
loc22;58.0;50.0;1
loc23;24.0;10.0;1
loc24;90.0;38.0;1
loc25;38.0;97.0;1
loc26;74.0;75.0;1
loc27;21.0;3.0;1
loc28;76.0;81.0;1
loc29;65.0;90.0;1
loc30;86.0;2.0;1
loc31;10.0;83.0;1
loc32;56.0;5.0;1
loc33;40.0;16.0;1
loc34;73.0;16.0;1
loc35;14.0;32.0;1
loc36;82.0;39.0;1
loc37;75.0;15.0;1
loc38;80.0;53.0;1
loc39;35.0;76.0;1
loc40;85.0;57.0;1
loc41;96.0;29.0;1
loc42;33.0;28.0;1
loc43;36.0;78.0;1
loc44;27.0;13.0;1
loc45;92.0;73.0;1
loc46;82.0;94.0;1
loc47;43.0;86.0;1
loc48;84.0;70.0;1
loc49;66.0;95.0;1