dep;0.7432475045288823;0.06475827937294809;0
loc1;1.0;60.0;1
loc2;99.0;37.0;1
loc3;60.0;40.0;1
loc4;48.0;88.0;1
loc5;81.0;16.0;1
loc6;79.0;17.0;1
loc7;25.0;72.0;1
loc8;11.0;57.0;1
loc9;87.0;35.0;1
loc10;25.0;78.0;1
loc11;28.0;21.0;1
loc12;59.0;72.0;1
loc13;76.0;71.0;1
loc14;0.0;52.0;1
loc15;73.0;91.0;1
loc16;46.0;25.0;1
loc17;18.0;62.0;1
loc18;26.0;4.0;1
loc19;13.0;63.0;1
loc20;53.0;20.0;1
loc21;78.0;6.0;1
loc22;5.0;14.0;1
loc23;28.0;88.0;1
loc24;6.0;8.0;1
loc25;11.0;98.0;1
loc26;11.0;93.0;1
loc27;56.0;1.0;1
loc28;77.0;33.0;1
loc29;96.0;69.0;1
loc30;73.0;28.0;1
loc31;39.0;69.0;1
loc32;27.0;68.0;1
loc33;82.0;71.0;1
loc34;75.0;69.0;1
loc35;49.0;33.0;1
loc36;81.0;95.0;1
loc37;14.0;29.0;1
loc38;74.0;87.0;1
loc39;7.0;26.0;1
loc40;41.0;72.0;1
loc41;51.0;88.0;1
loc42;92.0;45.0;1
loc43;56.0;78.0;1
loc44;6.0;45.0;1
loc45;54.0;90.0;1
loc46;19.0;14.0;1
loc47;20.0;69.0;1
loc48;52.0;78.0;1
loc49;27.0;37.0;1
loc50;46.0;48.0;1
loc51;67.0;53.0;1
loc52;66.0;56.0;1
loc53;34.0;49.0;1
loc54;10.0;79.0;1
loc55;34.0;60.0;1
loc56;90.0;6.0;1
loc57;64.0;15.0;1
loc58;45.0;96.0;1
loc59;78.0;79.0;1
loc60;25.0;11.0;1
loc61;85.0;14.0;1
loc62;6.0;68.0;1
loc63;14.0;18.0;1
loc64;31.0;28.0;1
loc65;60.0;95.0;1
loc66;38.0;1.0;1
loc67;53.0;32.0;1
loc68;6.0;37.0;1
loc69;90.0;10.0;1
loc70;92.0;85.0;1
loc71;85.0;73.0;1
loc72;0.0;53.0;1
loc73;61.0;56.0;1
loc74;14.0;96.0;1
loc75;57.0;56.0;1
loc76;91.0;8.0;1
loc77;94.0;36.0;1
loc78;5.0;72.0;1
loc79;31.0;96.0;1
loc80;28.0;14.0;1
loc81;75.0;80.0;1
loc82;17.0;96.0;1
loc83;34.0;21.0;1
loc84;20.0;82.0;1
loc85;37.0;59.0;1
loc86;29.0;35.0;1
loc87;68.0;30.0;1
loc88;76.0;42.0;1
loc89;42.0;75.0;1
loc90;79.0;92.0;1
loc91;61.0;21.0;1
loc92;78.0;39.0;1
loc93;12.0;42.0;1
loc94;77.0;13.0;1
loc95;38.0;76.0;1
loc96;1.0;47.0;1
loc97;20.0;74.0;1
loc98;88.0;61.0;1
loc99;30.0;64.0;1