dep;0.5767089492853373;0.47879275570179736;0
loc1;69.0;61.0;1
loc2;43.0;74.0;1
loc3;49.0;43.0;1
loc4;11.0;45.0;1
loc5;65.0;90.0;1
loc6;8.0;11.0;1
loc7;4.0;72.0;1
loc8;90.0;69.0;1
loc9;36.0;18.0;1
loc10;10.0;16.0;1
loc11;24.0;46.0;1
loc12;9.0;98.0;1
loc13;33.0;57.0;1
loc14;59.0;94.0;1
loc15;16.0;67.0;1
loc16;26.0;4.0;1
loc17;50.0;48.0;1
loc18;51.0;61.0;1
loc19;89.0;87.0;1
loc20;84.0;91.0;1
loc21;0.0;1.0;1
loc22;85.0;54.0;1
loc23;55.0;99.0;1
loc24;90.0;38.0;1
loc25;1.0;8.0;1
loc26;81.0;28.0;1
loc27;89.0;71.0;1
loc28;98.0;24.0;1
loc29;60.0;82.0;1
loc30;54.0;29.0;1
loc31;41.0;69.0;1
loc32;22.0;37.0;1
loc33;5.0;54.0;1
loc34;93.0;95.0;1
loc35;58.0;54.0;1
loc36;41.0;36.0;1
loc37;38.0;32.0;1
loc38;56.0;9.0;1
loc39;32.0;57.0;1
loc40;94.0;7.0;1
loc41;2.0;44.0;1
loc42;56.0;97.0;1
loc43;50.0;44.0;1
loc44;31.0;59.0;1
loc45;1.0;21.0;1
loc46;15.0;90.0;1
loc47;83.0;80.0;1
loc48;52.0;95.0;1
loc49;96.0;92.0;1
loc50;74.0;53.0;1
loc51;60.0;54.0;1
loc52;89.0;90.0;1
loc53;17.0;0.0;1
loc54;87.0;54.0;1
loc55;76.0;18.0;1
loc56;35.0;64.0;1
loc57;30.0;49.0;1
loc58;92.0;33.0;1
loc59;96.0;89.0;1
loc60;62.0;3.0;1
loc61;25.0;15.0;1
loc62;22.0;55.0;1
loc63;98.0;28.0;1
loc64;72.0;79.0;1
loc65;58.0;78.0;1
loc66;58.0;44.0;1
loc67;29.0;57.0;1
loc68;0.0;55.0;1
loc69;59.0;21.0;1
loc70;50.0;59.0;1
loc71;86.0;42.0;1
loc72;91.0;48.0;1
loc73;49.0;92.0;1
loc74;68.0;39.0;1