dep;0.4320423587896036;0.9288506608367982;0
loc1;83.0;11.0;1
loc2;84.0;44.0;1
loc3;58.0;77.0;1
loc4;46.0;45.0;1
loc5;2.0;31.0;1
loc6;27.0;61.0;1
loc7;21.0;47.0;1
loc8;63.0;14.0;1
loc9;82.0;30.0;1
loc10;10.0;65.0;1
loc11;35.0;49.0;1
loc12;9.0;97.0;1
loc13;33.0;64.0;1
loc14;73.0;59.0;1
loc15;3.0;8.0;1
loc16;10.0;86.0;1
loc17;93.0;63.0;1
loc18;1.0;46.0;1
loc19;45.0;49.0;1
loc20;59.0;66.0;1
loc21;39.0;62.0;1
loc22;98.0;91.0;1
loc23;38.0;31.0;1
loc24;31.0;16.0;1
loc25;50.0;39.0;1
loc26;90.0;32.0;1
loc27;67.0;91.0;1
loc28;77.0;95.0;1
loc29;32.0;86.0;1
loc30;92.0;4.0;1
loc31;46.0;52.0;1
loc32;98.0;87.0;1
loc33;20.0;77.0;1
loc34;1.0;95.0;1
loc35;3.0;78.0;1
loc36;76.0;21.0;1
loc37;78.0;43.0;1
loc38;10.0;5.0;1
loc39;55.0;72.0;1
loc40;3.0;13.0;1
loc41;74.0;75.0;1
loc42;87.0;84.0;1
loc43;60.0;8.0;1
loc44;27.0;15.0;1
loc45;64.0;45.0;1
loc46;25.0;95.0;1
loc47;26.0;35.0;1
loc48;36.0;40.0;1
loc49;77.0;29.0;1