dep;9.033620808387061;20.485575071441946;0
u1;170.27266341432272;-52.50808553965999;1
v2;3.6939823394094278;1.9838488589834553;1
u3;201.05609406852312;-4.28920742068862;1
v4;13.121217613771146;18.076207185275063;1
v5;-97.46607182753195;90.53005746115156;1
u6;239.76735227588009;-29.87031000260792;1
v7;-60.24327404651049;-104.25772655884481;1
v8;-59.810850595905805;-39.73211978828924;1
v9;-19.19835288048781;-35.209233423761944;1
v10;-16.108368489957364;3.9927114900754193;1
v11;-21.297522749278894;5.304432959579171;1
u12;204.6253713854124;-21.25242093563435;1
v13;-27.280794723608278;30.21032809058712;1
u14;176.73345856166884;16.32606606267633;1
v15;-39.93820467026333;-27.54620117845148;1
u16;204.20184081114436;13.82806580757157;1
v17;-58.11931802821867;26.590121992896457;1
u18;199.64651930049408;0.13882758662670275;1
v19;-25.805207844832736;-7.267745168904874;1
u20;199.28024387018814;4.1465964898995455;1
v21;-20.906916084202418;4.198603564464434;1
u22;226.46354848277207;5.027677532031575;1
u23;196.63550917741284;14.077292447181849;1
v24;-27.488912498906004;0.3793373920054296;1
v25;-5.397134389332018;20.201042062486394;1
v26;-30.92111010404491;54.94449242378121;1
u27;202.5668394753265;4.909721100378271;1
u28;166.5432012084828;15.899386527522724;1
v29;-0.03106648801755985;-9.934226494848401;1
v30;-13.265107704543304;-13.60033325659293;1
u31;219.7658872492096;-50.59558332968539;1
u32;155.47206358785542;-13.304833021069639;1
u33;179.80473779960943;10.130141749781485;1
v34;3.4204021718645246;12.41609718046033;1
u35;208.1301702315244;-3.065346497610718;1
v36;-8.277782677673065;14.631935229111141;1
v37;-1.475863814711191;59.40704939921471;1
v38;36.80323114961394;-9.91779421675798;1
v39;36.56628172042003;29.79328317382164;1
u40;201.59185331755876;-2.2368011730326933;1
v41;-50.99453464958846;43.25094981788826;1
u42;124.80142265470215;-17.82617596184419;1
v43;113.47653662338696;-61.457014223729374;1
u44;170.17277618926914;26.953740636571617;1
u45;201.11901422023058;2.607368164237699;1
u46;140.70746005557407;4.309403973778705;1
v47;72.16538649527914;39.855743430218574;1
u48;186.65751691183596;29.8241754493519;1
v49;-31.87709843043067;-63.692769995235885;1
u50;193.39893703247873;-32.64498817219345;1
v51;-7.664425282068439;-27.37386932716354;1
u52;199.73036161899128;-0.055739519739681095;1
u53;194.91562414156473;-3.9290993326290806;1
u54;188.64417560921873;4.030253054246287;1
v55;4.9472134825402945;-103.49872631613235;1
v56;35.54652051875073;-12.045980019112978;1
v57;-7.950566518942483;-26.413509404945916;1
u58;183.17621373064168;4.423587298231523;1
u59;225.88729184631217;43.79308966372786;1
v60;-18.589771878137903;-29.235200958209255;1
v61;9.458624732791653;-19.883986007671588;1
v62;1.920378347131606;-2.204535592511758;1
v63;28.880990827628462;-30.144656881739067;1
u64;211.4637522706225;-0.017587764879435443;1
u65;217.16242599872427;25.260839370111537;1
u66;171.81148311299393;-3.025579011161595;1
v67;-34.874301363329344;13.566404710557435;1
v68;-0.11707929550165717;-1.5491501443367672;1
v69;-1.3228605849951869;-12.29240117863338;1
u70;176.88834810145914;-6.245509527718671;1
v71;66.25443973903101;-18.042400874720414;1
u72;204.08762131692495;2.0013090178177566;1
v73;-14.2118382097205;38.00779401839198;1
u74;134.22593751159042;2.6793263703242522;1
u75;184.70055613955753;-36.89746626335946;1
v76;21.676315571017444;-13.056454641937838;1
v77;7.746117562179522;36.70517272339786;1
u78;231.9318396709602;5.849314519122323;1
v79;-6.516627631207532E-4;-2.6708425190377167;1
v80;-14.931625884476194;10.254774063154498;1
u81;177.02721146501628;-17.8905201881118;1
u82;171.78156162610372;12.052157212039182;1
u83;184.3046321091685;-18.90012609180068;1
u84;206.8662543740329;-2.7305863004595823;1
v85;67.41015336545512;-37.94544761669556;1
u86;226.68867368818331;-38.5970039432071;1
v87;-1.5434005274455622;-14.043097350045088;1
v88;-88.15527052779453;51.848725138174196;1
u89;196.21164293099343;12.80147139958813;1
v90;12.496035421616561;-10.007686931636567;1
u91;215.3135350828498;35.07985493130009;1
u92;209.6437863882827;-13.059147040963687;1
u93;131.1503746401537;-28.635143812681246;1
u94;207.9012054685901;-57.41347768480368;1
u95;211.24021592738177;32.02408044833209;1
u96;151.7647240351347;-40.66713033948353;1
v97;-13.462276153297553;2.706777350121049;1
u98;193.8540026905769;-0.7455052141123922;1
u99;201.8658766630196;-4.4975393465503695;1
v100;22.977491923394307;-53.83200128054165;1
u101;211.28636876296474;-12.555836803917096;1
v102;44.46639787645852;53.56848632875931;1
u103;293.3540595425071;49.429161096468555;1
u104;173.33390306119347;23.598995775121065;1
u105;208.19295243553532;-2.0515860586496633;1
u106;251.1371879357141;-26.691677228133702;1
v107;40.61708882345209;-54.16311035578423;1
u108;234.00372826894866;-110.33852814267912;1
v109;0.7298269298217038;2.2915751773210866;1
u110;187.94114040315787;-2.8916702621572457;1
u111;196.40963120598596;-0.3262222376699965;1
v112;9.582955809833898;16.740919306529847;1
u113;159.01217986339213;47.32264682809125;1
v114;-54.43674445772575;-17.61164078796889;1
v115;68.78530525060351;-65.07715926711532;1
u116;208.8812215084231;-11.233740144647028;1
u117;200.31200440706886;6.727560070155382;1
v118;4.594355645909557;-1.857993111606822;1
v119;-1.6210123448660265;-3.062777887161563;1
v120;2.2399139124221232;-0.5561210458738125;1
v121;12.74168176792976;12.241674807496967;1
u122;261.1726838650224;21.628190158684443;1
u123;195.64982893121558;62.21409728433513;1
v124;-14.992324423529837;-1.8311724727058571;1
u125;232.9327806585991;8.406836225886899;1
u126;247.46644587541724;-23.8407918889906;1
u127;181.30406900773485;19.695273743847405;1
v128;19.06284724186748;25.21993114927025;1
u129;186.724858881617;-16.21143791697921;1
u130;173.88587427775775;68.49757362552106;1
v131;-37.376880266776816;-50.431975907103684;1
v132;-4.6822853036144965;-90.42686309622394;1
v133;4.775216849641969;-7.549465401431193;1
v134;3.4708602080243316;-2.024476133274501;1
v135;5.028682191305614;20.6903621945488;1
v136;-23.173236792087103;-44.7565819067712;1
v137;8.668936702502426;42.05858994294454;1
v138;5.891266278785211;-0.0965820022925469;1
v139;-7.6942131903208395;5.013192002964377;1
u140;182.83200089347682;17.567254887200892;1
u141;213.8556375175953;52.47735344607207;1
u142;213.33196714108166;8.345745267721053;1
u143;225.11627089552175;6.190721457400773;1
u144;260.9835883595782;-20.91125617280544;1
v145;12.346222531052229;-26.519001920677137;1
u146;187.76240587798472;-53.646301378094904;1
u147;173.41220787839188;-11.585874674501808;1
v148;8.514712121475611;-7.360765330907376;1
u149;193.62443681115892;-13.347311451316347;1
v150;-5.2463399819593795;-8.934442945373833;1
v151;-9.833152488157824;-2.2418618219861157;1
u152;200.4092404803028;-0.5182094553493437;1
v153;-16.758469658386165;-12.559433757426486;1
v154;43.34455752451722;-54.29166899449978;1
v155;-24.944869496639665;-39.025786227153574;1
u156;192.63210374460084;-12.219560066662984;1
v157;-7.287653154361822;2.279608396536981;1
u158;123.33608169906665;-77.44039235750716;1
v159;3.176488492467856;20.631925364903363;1
v160;-0.667393071727887;19.89526500932626;1
u161;203.67848713616857;9.364076231967418;1
v162;14.318913652639287;-16.850951496373035;1
u163;199.39066867286334;9.652701198135102;1
u164;214.43580110100848;-4.9523418184440455;1
v165;73.30820092791458;-58.517242352379625;1
u166;186.5378414329027;8.397034793677808;1
u167;198.22130281060538;0.1993148061313671;1
v168;32.519049925571125;-9.190074947052079;1
v169;-4.714325567418748;-10.212182394587202;1
u170;185.12714617942885;-2.283208385695776;1
u171;182.75041859718203;41.65023019283728;1
u172;262.5381105987419;-8.190589773567003;1
v173;2.2308467229483497;-41.68828868729225;1
u174;214.14257059174454;47.308024254841435;1
u175;250.07164801751696;88.6651899948915;1
v176;31.80525771321345;53.782707287177914;1
u177;178.87890491836592;-23.882766356446055;1
v178;18.62409774966325;15.83486306850116;1
v179;-48.35987312726484;20.661418241153445;1
u180;178.0731430405212;-11.216284473828948;1
u181;199.26509942092747;34.42904788971517;1
u182;208.79110752687515;7.310237824172505;1
u183;211.53298185668805;-31.093343220188835;1
u184;190.80965836153928;-0.1422629669921749;1
u185;199.5395940643029;4.629246561251895;1
v186;-7.467220215582517;19.510550304857933;1
v187;14.545417144101789;-101.98819281421805;1
v188;23.221230449679187;-42.865216257833985;1
u189;200.33681783614423;-0.14568002107235078;1
v190;-52.90140363172776;23.17915505156061;1
v191;22.590760986700502;3.5871591144834447;1
v192;23.49742964713805;24.204417430487144;1
u193;200.6066593267986;17.008376747082945;1
v194;-58.63893288674547;16.12220481170934;1
u195;167.83629360731064;30.330448121985935;1
v196;-3.0846613181365625;-18.828054327702073;1
u197;159.19344719876224;-50.84507798551551;1
v198;38.27751201038457;-13.450733249900287;1
u199;198.13263980596838;-2.651021822625739;1
v200;31.630331845954515;-55.08739918272455;1
v201;77.49888388927377;-58.58760738082508;1
v202;1.0763053308212713;25.74141468327642;1
v203;50.35957976846997;0.9915069330698161;1
v204;8.87315539331791;-0.9805618011246552;1
v205;69.8696256903209;-50.47975736750296;1
v206;3.9228856914302503;-6.859305189857796;1
u207;217.69220011402308;9.668098160594353;1
u208;206.58556051368484;62.27067971364843;1
u209;195.4835370371275;-81.94421333170821;1
u210;201.8970805562979;-28.418945191989625;1
u211;208.29125925217923;-2.949817975062504;1
v212;1.6031787496368588;8.163878122567509;1
u213;159.06490072278376;1.6881578923934772;1
u214;204.7253161621965;-5.3753067730227615;1
u215;227.05747061114278;40.21237797160718;1
u216;145.62325671317942;26.70674913512163;1
v217;8.729133335322924;18.141177363893622;1
u218;200.23995334671085;-4.872936379163844;1
u219;176.72941561035634;-29.731449788220026;1
u220;196.89909134652697;-45.36506933595048;1
v221;-27.27057126543602;-17.502659657159295;1
v222;3.086091699290288;-1.982472349668614;1
u223;250.53537597199886;-52.93821812050593;1
u224;206.1925881166665;4.877614565178425;1
u225;217.37007294303575;9.282562103104352;1
u226;211.83210292458378;18.84109424115885;1
u227;197.4461043486444;8.223400115487296;1
u228;230.06283948664637;-44.950099590286975;1
v229;56.623930282261526;-8.44579776063224;1
u230;200.5993094112052;-5.437761526978053;1
u231;93.04692429758563;-38.754317953778845;1
v232;-11.721325923338956;-9.172717142670441;1
v233;66.67724122163497;20.605503216162823;1
v234;6.073535746018848;44.95729232717519;1
u235;217.14701266970624;9.295497198309336;1
u236;194.64080262756727;-7.7376362568919825;1
v237;-8.643429303373201;23.99636275858069;1
u238;204.17140443567072;4.7145446898330245;1
u239;197.49047737016366;6.780987434768795;1
u240;197.39934727330518;-12.268874762582847;1
v241;36.97370946356127;-31.67093273335401;1
u242;224.4764822424274;-87.86894471076029;1
v243;54.501710823246874;-36.51217540870307;1
u244;199.29166366005802;-1.7976178397555516;1
u245;153.1591001554355;5.383034966807951;1
v246;-27.74648692206531;-81.33897584805672;1
u247;137.61796561107965;55.6901278038148;1
u248;209.77874481907543;-49.80613589635192;1
v249;-20.912297825720838;7.413538028532716;1