dep;18.511690981226646;-49.46366169403646;0
u1;220.29260506422114;75.95311047518905;1
u2;192.44478388751563;-34.270876397616384;1
u3;185.41729604541197;-124.04766030175529;1
u4;200.03874523694162;0.09104437702198741;1
v5;-24.165213091883924;-4.5862614915046995;1
u6;203.33215836369237;-12.847316982521809;1
u7;217.9979840723734;-75.18850434226077;1
u8;142.22149394995844;10.989145506508166;1
v9;8.573839143094673;6.211398362133484;1
u10;211.0803058382486;-0.5351915238046333;1
u11;181.28634638454525;-40.342906932616856;1
v12;28.483963549697147;-7.188293784797094;1
v13;49.242262310848695;10.387592668370049;1
u14;124.73642512570557;-24.887005698458587;1
u15;186.97073928244262;39.918897704479434;1
u16;175.0534624515164;142.33925615831012;1
u17;201.83846129093877;5.54706769296602;1
u18;199.57333955392124;-19.3504256365043;1
v19;9.455908211207605;-28.54593923927657;1
v20;7.03011447027948;-20.906034569744833;1
u21;178.2715322955305;31.16586039443728;1
u22;242.08946225112655;26.588624682019464;1
u23;183.54672098696702;-28.260914187649487;1
u24;196.73410727526286;-17.35640503252502;1
u25;135.304908970606;9.231163270827889;1
v26;4.477957151811049;-12.947362473919789;1
v27;2.716418316459345;-7.463505796824739;1
u28;159.98451742785898;-31.376936090631258;1
v29;-29.966397838123402;56.67212946868581;1
u30;206.78606400074406;-36.044024336901494;1
u31;285.8653029059824;-2.2978957155654016;1
v32;2.702147637295089;1.9297963868440275;1
v33;6.7625985750778845;-19.05278959321264;1
v34;18.39367130095093;-6.565898667735587;1
v35;-0.752085020884551;-3.00698260752855;1
u36;154.6575355867702;-6.2566363908768405;1
v37;-3.712390055952449;-0.42821251184395065;1
u38;148.4762993762222;-42.99527163641664;1
u39;140.09734859746482;-31.55462722043477;1
v40;34.554903135553424;5.162165836096981;1
u41;218.7754563606158;-38.16979028177706;1
u42;194.62658332796468;-90.64577011923203;1
v43;-0.02211607737589281;-0.013000936820579059;1
v44;-173.09336059804048;-50.30630078945766;1
u45;199.20580411730955;0.2127829556984959;1
v46;17.188125674926322;3.9944718020059238;1
v47;-56.867031328020765;-84.56346099564382;1
v48;32.93473337816381;8.15528478997095;1
u49;128.01808834989993;27.032375639855253;1
v50;0.036757661262895355;-0.0844070388987992;1
v51;-0.7358057069175199;-0.23590611231257141;1
u52;212.26870645120385;-2.8839039114000835;1
u53;182.7784131239907;-7.232157173690147;1
v54;2.4511530919971705;-1.3978526741038468;1
v55;49.23972664893674;-23.22840333655005;1
v56;-21.685684937146345;9.396439456776948;1
u57;211.92983739129224;38.63532823323332;1
v58;5.406323529534281;19.04563066519823;1
v59;19.450705592433682;-17.476649174422317;1
u60;206.58293928978532;0.8592750618689993;1
v61;-19.0416115238371;-160.50660261158492;1
v62;-64.22201072581541;-20.2161062692794;1
v63;-2.9190709964334784;-0.7424523893766951;1
v64;0.05003083913661632;-20.066202350763778;1
u65;199.04269515732184;81.33589090169107;1
v66;-27.772014018292705;19.411693894960877;1
u67;222.92497873905177;-6.224898287500126;1
v68;17.75938075062843;-9.852954945739992;1
u69;193.08881622468613;24.225129409756907;1
u70;207.73044810429283;1.3037363236030701;1
v71;0.7813537380668324;-28.07135063476806;1
v72;-28.251289309304845;56.81613196259667;1
v73;-3.823987584053692;-14.830504000222865;1
u74;128.62060568694932;-139.88714576606148;1