dep;-13.062245852535456;-45.507135608123434;0
u1;112.6064358804246;100.2162896602427;1
v2;-19.868078614694063;-17.456666909266186;1
v3;-75.39807647934258;-77.18608650822398;1
u4;220.5740940877095;-23.540095639645443;1
v5;4.175114771478998;-114.68836098914859;1
v6;12.651118044761942;-3.8595588406402523;1
v7;-9.501567018144762;-2.1930326903407042;1
v8;8.061173143915234;-11.065529705239861;1
v9;10.294005178954217;8.658587191807735;1
v10;-31.699799146220467;62.508369658324256;1
v11;12.021903932295247;31.39785374326917;1
v12;-1.1165903678590148;9.904092335870889;1
v13;6.2828235537875505;5.095509669289904;1
v14;-4.690341634433141;0.3137643375008636;1
u15;200.97819764057118;10.128460549080598;1
v16;3.9529022308496056;3.5340524980385397;1
v17;3.366548348864515;15.39350883528019;1
u18;244.92589154289053;31.228389308171256;1
v19;72.16951624782881;-1.9418574211579116;1
u20;202.9428898300344;-1.9036813923193396;1
u21;201.33222751484428;0.8766105721591666;1
v22;4.07830006800307;-25.56573920767861;1
v23;13.084483956359335;32.91977978188906;1
u24;92.08251006469095;57.934215870267394;1
u25;264.06153023398235;79.43929631103045;1
u26;165.24921907815303;29.440481866812412;1
u27;166.6068440576261;-38.43360882468316;1
u28;163.41487689623213;18.614334169644767;1
v29;-28.152575231880917;6.699702547163317;1
u30;195.01237910488342;-30.081557899443926;1
v31;-28.484882451087685;-14.180930764110878;1
u32;188.72590637751426;-6.727586043549919;1
v33;1.2020463539129307;47.69008018186475;1
u34;285.52033261496075;-54.012546094295935;1
u35;142.62826449219898;9.35764365302677;1
v36;-23.1216160127177;-10.68615090503672;1
u37;173.8736557522872;64.28924929795599;1
v38;2.1922699161462904;34.423145689337055;1
v39;12.510958099953774;-4.887304711551615;1
v40;-11.936462321331565;-2.839332173691576;1
u41;88.2219825130062;-19.301312945356326;1
u42;190.41128037502037;55.230750228880645;1
v43;53.47876892979085;48.87663479131295;1
v44;17.219707943707412;13.464350250723237;1
u45;139.22361159836785;-46.05661125112785;1
v46;5.741175036350449;-27.819743708760257;1
u47;137.52417516960327;4.8215311126540055;1
v48;-4.811127436618917;-6.424303007126418;1
u49;156.2225032164682;-38.394191388410114;1
v50;-25.194681924491334;-18.542529151483027;1
v51;-9.927715150955429;-24.865050576906164;1
u52;193.65132984087663;-2.022803806515737;1
v53;19.01591021079814;-23.504236238878736;1
v54;9.770937802138649;-38.64890162128888;1
v55;82.34969071313851;-25.978946478880623;1
u56;214.3456718662819;-21.605690225732754;1
v57;2.50807372554517;-10.77767156178553;1
u58;251.79630232041455;27.898602304662912;1
v59;-26.215101637050598;98.20800712492;1
u60;200.01610486947192;-10.221029582345107;1
v61;23.106465812746254;71.3156842663627;1
v62;-70.2681440676522;-2.48529420468843;1
u63;234.00620884361308;-79.02407957486388;1
u64;202.91938690302305;-0.21051474226816475;1
v65;-14.069219764297936;-5.943369699960971;1
u66;240.55823680640168;66.50212504268131;1
u67;207.82770913827983;-21.181114195094356;1
v68;24.149708822855175;44.586614918550296;1
v69;-14.150709100694145;7.0520824775959206;1
v70;-11.469450421294436;-7.541187939201114;1
u71;172.56743801241643;-46.74158663995963;1
u72;259.816964205953;4.023717102740521;1
v73;-4.571701319273189;6.646483975259265;1
u74;202.53579566501125;-1.0446780211643296;1
v75;67.76032783560692;62.57554883077562;1
u76;212.7230482963145;1.3290525548298646;1
v77;-1.254731779764117;1.4099394671253684;1
u78;230.4094330702948;31.13178289007493;1
v79;8.69406101479537;-3.0845339346557186;1
u80;176.95860549974554;-10.857682250256058;1
u81;217.74603653892143;31.791711717798204;1
v82;-0.6239682475555797;7.634094243453401;1
v83;-0.18178826362749526;-25.33331408417638;1
u84;192.7595959844868;-5.32931759351361;1
v85;0.6996156004635365;30.000462415700664;1
u86;213.59232616652656;-2.0001438215208776;1
u87;189.65872746097136;-27.844407867530464;1
v88;-10.643431106021922;-19.123962193554178;1
u89;203.72242388283493;-21.95351551899936;1
u90;196.16957600427344;1.954804321512446;1
v91;3.3838109836588246;-2.3481052281469528;1
u92;194.02749132528461;10.629055441223125;1
u93;302.249349600338;79.97746850141661;1
v94;87.89626971164701;-19.147792994205425;1
u95;215.69991828042345;18.511576606550957;1
u96;273.2144553801533;-9.12752159313362;1
v97;6.4803688304469045;-23.154625047028798;1
v98;-14.85809308813615;-38.593299412963766;1
u99;215.13047716016777;26.680708093116937;1
v100;-13.068840739624143;51.630227755373795;1
u101;212.70688058859815;34.08942302542013;1
u102;201.19482282486132;-1.3817970642341164;1
u103;206.39501761637405;9.968864745499863;1
u104;209.92761045323317;-29.20659384612158;1
u105;248.2281212302093;50.7526079096991;1
u106;193.5311038159159;26.12433942572009;1
v107;67.6197147419433;-0.908461916902229;1
u108;215.72895764524347;11.911341625330012;1
v109;20.065964748919136;0.906731097209106;1
v110;-20.400395126495326;-23.18366210039379;1
v111;-14.89528592473848;-58.317098678836125;1
v112;-11.219231622620233;12.729982529807502;1
v113;13.804825812996738;27.016574910252587;1
u114;204.66557582455053;12.44804983400199;1
v115;0.19911576199152486;1.890987052670272;1
v116;65.91280464089523;-59.89548058231061;1
v117;0.1363494430283324;-6.106066375022668;1
v118;42.43054816174356;-29.050173073216154;1
v119;0.005546594070853967;-0.02862499244799576;1
v120;-53.89898153894584;24.11039315377348;1
u121;211.37969593277066;1.4868654781871844;1
u122;172.52431142661592;-28.293007899196517;1
u123;237.4548497582487;-45.54010741390717;1
u124;193.52598608437629;-4.020166279709918;1
u125;180.01724242177852;0.224864532859467;1
u126;237.56843108335147;6.359737658719564;1
v127;26.593659686564656;-5.243434440272951;1
u128;202.2530076353777;43.0908344775043;1
v129;25.81785070707402;60.22903836170881;1
u130;196.92929389405037;-64.18455391161712;1
v131;25.280751162336863;29.45896502409093;1
u132;213.35418638437883;21.2692458243193;1
u133;108.2651704282102;-39.432547304306645;1
u134;200.13725252878788;-0.052785605396006824;1
u135;238.75153950217563;-22.391955526458702;1
v136;36.19430975717855;45.861364687302974;1
u137;195.9396148555039;-0.6603044701744616;1
u138;178.29533046666026;7.926165661660666;1
v139;41.02841655365062;47.66718129421816;1
v140;-22.500271587875343;3.194453374412896;1
u141;257.55116888841167;-26.237888357922806;1
u142;212.09901731683644;28.896137902959293;1
u143;168.3151997346035;-5.666009582575739;1
v144;-7.629178796541665;4.530279969095454;1
v145;54.79846005425024;-71.55284125861198;1
u146;199.8292428232767;4.93914149154535;1
u147;221.4095530671289;-20.578326985111733;1
u148;66.94541096397458;-44.10636701778207;1
v149;8.057095063148509;6.245174889335452;1
v150;-7.714378323638719;27.199227006744227;1
u151;277.3545145332352;12.498338708970204;1
u152;203.4509828800359;6.3235928144059885;1
v153;-10.156579440334923;56.781526121481456;1
u154;213.7814577939727;10.638554528582263;1
u155;185.8868276000256;93.18338509404029;1
u156;201.75972734501548;-25.67523269893687;1
u157;216.2098211756897;26.31966598391783;1
v158;32.166426028740155;82.72353568562194;1
u159;203.99620420366355;5.2926672370217025;1
u160;222.09571157331095;11.529131290735016;1
v161;6.723790300114598;-4.726687771916267;1
u162;274.1221823707808;-53.17416897856493;1
v163;-14.91281976474219;-4.757657586014959;1
u164;218.96273341170544;-67.36591501597901;1
v165;33.57977507125995;32.781581120905194;1
u166;161.31343591188326;-24.52965202628588;1
v167;48.97325739011381;32.58758044218221;1
v168;87.4668987288093;5.785606565455641;1
v169;-50.52054296332402;-26.351391991211706;1
u170;187.98514216000385;17.977275463632793;1
v171;-4.712229264380127;-52.37649108468518;1
v172;-1.5255343981615626;-9.448416616828345;1
v173;5.96794371495415;-4.568413499986666;1
u174;281.5289926750139;37.271553693660735;1
v175;-1.819865945342037;-0.4573609299158211;1
u176;70.37457185850806;3.58270910177369;1
v177;-5.295038184297816;82.29881292626857;1
v178;17.756772720724513;62.32867653527087;1
u179;239.43584376519198;-11.085882047664775;1
v180;55.1350031031876;0.560491139330573;1
u181;224.21575954149301;33.7442337918319;1
u182;186.5965279812312;29.49856197287894;1
u183;194.65825516146467;1.5937131064404735;1
v184;-8.546186751005065;7.884994969853441;1
v185;58.46157336004737;-20.427287012340678;1
u186;181.5500278876335;-5.798206254871788;1
v187;-37.75524314760681;78.96912611274125;1
u188;298.658307923283;-103.07254839355453;1
v189;54.582062090623346;25.238328427116787;1
v190;0.23437353829186658;0.0017217482231577392;1
u191;279.37338213255265;-51.94271929550845;1
u192;238.76424372215232;-33.55637706311434;1
v193;8.423409430500227;-32.75132246549457;1
v194;-4.059670267930215;-2.4248176172606097;1
u195;180.47890912891694;36.01874453928271;1
u196;229.62295086748705;40.33410688542509;1
u197;251.3136640733307;-72.13164736534135;1
u198;129.39752898193564;12.952941839782296;1
u199;181.37911204350746;6.9638676489605125;1
u200;244.41468949668183;6.983980350781919;1
u201;200.21004562386418;-40.72970957877622;1
v202;-9.311591027602656;-109.75751900227955;1
u203;239.0515694963729;-19.822019488511717;1
u204;184.503201055998;-25.164548713137417;1
v205;39.94338208252387;-45.98199701642126;1
u206;169.93360702228068;37.85320337929077;1
u207;314.7146205072945;71.67300987136149;1
u208;208.47374799309657;4.311062183831587;1
u209;193.72208690311143;44.58721022316074;1
v210;12.224454066876564;31.614960020069336;1
v211;31.13603360451845;-18.033378713801483;1
v212;8.743379003940841;-36.05758484436536;1
u213;193.87785773717889;-27.376796998797346;1
u214;240.04869741331623;-75.19342147024452;1
u215;236.071607886695;78.7634710833586;1
u216;171.19852248860334;14.935890561472572;1
u217;201.18399497914353;0.6723322884820333;1
u218;188.95296042002624;-10.63694307349456;1
u219;186.06216901872938;26.551690722264233;1
v220;-21.54350821015186;47.087947320894315;1
u221;252.82668799035443;-55.000710726376475;1
u222;172.0089271360055;38.817787646833246;1
v223;3.8687525557277604;12.106507374726295;1
v224;-1.4600740347253682;9.73588261700006;1
v225;-1.0485387508144492;-0.709185885867017;1
v226;-42.259201210679244;-3.057079567428885;1
u227;156.6964715854977;2.22241563984453;1
u228;185.78743645082196;-29.7643444209999;1
u229;203.2991877615048;32.916735479504716;1
u230;190.33058681564975;49.491950484041936;1
v231;3.2120019962370603;-3.135699745566614;1
v232;43.628722772849905;-18.130498424610757;1
u233;240.71309033190437;35.04621428228663;1
u234;244.16379312497565;-11.345878822382085;1
u235;257.6123969358724;-35.557326326060334;1
u236;208.21507004130905;2.486397876100769;1
v237;-16.160206417748608;23.56346432962052;1
u238;155.04358815307847;34.842205693104994;1
v239;-56.362096617771016;-38.04971142173554;1
v240;-29.518660487887328;0.4656647721028752;1
v241;19.629811955949524;4.201304775327528;1
u242;163.17555291683064;70.42506746270091;1
v243;-62.09802091628778;3.356897678843753;1
v244;-4.704635248837254;26.727055575491775;1
v245;-47.5863422269495;24.3115941204161;1
u246;209.46783025558747;-2.412637527946686;1
v247;-25.653856365543742;-27.72679724269716;1
v248;-11.708750537768958;3.4004088879829957;1
u249;224.95140666074366;-63.80671194087002;1