dep;-7.93484153909056;-31.455356571435278;0
v1;-155.62761174893924;-25.42268728624503;1
v2;-0.1502538320406232;0.313157384765035;1
u3;205.53244101456792;-40.27769164853502;1
u4;147.10479313687293;10.390098863796;1
v5;-74.71711975114418;48.4198800082738;1
v6;57.67409086202793;42.66736329453562;1
u7;218.91758514410446;-75.61755070057318;1
v8;-9.406447200529803;-41.92250324925072;1
v9;-77.06387082072186;54.950822333414834;1
v10;-5.604617003347053;-31.010397540526554;1
u11;255.35116488164488;-19.371226888170185;1
v12;9.012516325068159;0.7127129924122382;1
u13;216.6858864190441;-38.04326621799698;1
v14;1.942700262424117;4.921381897717909;1
u15;150.03605510671434;17.40285428443331;1
u16;172.71922004408304;-53.600853906590636;1
u17;178.4054555095724;72.24094039381663;1
u18;192.12123368338405;-20.221516578079353;1
u19;216.40968583318363;-30.79890888448808;1
u20;216.3023410569827;-27.201300386782126;1
v21;-72.04601970748293;73.86351734684477;1
v22;-12.62886290262652;73.95967032610399;1
u23;267.00654521344524;32.983549936868016;1
u24;157.28547503357262;19.416061578003283;1
v25;124.68463663383424;80.69107820748023;1
v26;-66.5959099483599;-73.7539836649935;1
v27;-14.819299994012443;19.771854301302717;1
u28;165.68754570666488;-7.185971355550851;1
v29;-72.57903875263509;-7.910125932823953;1
u30;215.41746805059142;-82.19247432116828;1
v31;19.724278497123816;-7.923109886433045;1
u32;180.2523353852457;-25.141756693796527;1
u33;207.81694994407607;-6.113198887927448;1
v34;-39.574307607009764;44.94754306243132;1
u35;194.6560976417507;7.708896530727852;1
u36;163.39005411820665;-27.552055401952167;1
u37;196.0450530517808;-3.7963964965167585;1
v38;87.52210306962945;-27.634322273793703;1
v39;6.057074531176634;35.5368150391605;1
v40;11.104471280941151;4.588056726439343;1
v41;-87.89846658795159;24.073400072291474;1
v42;-8.873981693362095;10.888092405193852;1
v43;24.11201304194242;-25.358341127141454;1
u44;259.6962846624072;106.88361401064769;1
v45;13.48182774198271;-36.65281152942174;1
u46;240.70303737837745;-20.6237429094563;1
v47;94.9515794734353;-27.96932414995903;1
u48;215.01377689175072;-36.71618700691461;1
u49;250.743047965629;-38.43973330554483;1
u50;198.8203652475406;-6.051440003822481;1
u51;190.89541346999982;14.620880216860495;1
u52;166.3752466252689;0.5902371973096623;1
u53;162.5229900886659;6.669998940743035;1
u54;200.12972483422962;-1.422068875193665;1
v55;71.78659833626695;5.496336697925584;1
u56;199.38519834007414;-0.20992237771403202;1
u57;187.4654638769394;-21.784169918759524;1
v58;22.763226216234532;-9.088772333132221;1
v59;5.59946779121455;-11.354647052068964;1
v60;-25.692899735771572;32.89446716256265;1
u61;197.79679793989965;-8.033804924791948;1
v62;-39.89742853304973;-17.488418099091657;1
v63;-46.93332133351;-30.33213155728907;1
v64;-1.6366618775748791;-1.0858169410689014;1
v65;18.16569751127753;-3.9546392079560584;1
u66;205.36201770593843;-14.095007660091644;1
v67;-28.730214671985504;13.442746319384716;1
v68;-0.574396535892111;42.91189806416566;1
v69;12.94101844168254;5.070488399913961;1
u70;160.37730185231302;-30.526465748546315;1
v71;2.2674021360585597;4.2426346471795515;1
v72;-3.262909597353286;7.516806816116874;1
u73;116.86106752840617;13.91535515698914;1
v74;38.640409223500725;31.549846034727846;1
u75;187.1121205360523;-6.993561614598561;1
u76;208.77045443386692;-15.46246821437875;1
u77;203.60122187745958;2.51219069214637;1
v78;3.2248573264828546;-5.831525725375625;1
u79;252.25585735382708;12.79860706841106;1
v80;4.525179178977497;-35.52988578431584;1
u81;237.90931387733244;84.02200575178558;1
v82;-9.985415519855135;27.488695209189967;1
v83;-22.279138077715157;31.994165640785067;1
v84;9.61121337893536;-4.693603999991107;1
v85;-34.10721425806436;8.8033930839973;1
v86;-0.12305970887613439;5.662103989316854;1
v87;-50.357082836688555;-32.62223623423041;1
v88;-9.18169549926863;-65.97285444998069;1
u89;212.94798750266543;6.558618477378354;1
v90;-24.167168120067114;2.7099657778202118;1
v91;44.85319650919021;18.460370497649723;1
u92;193.30917386740995;-4.337648579506237;1
u93;217.6311390946785;10.947063796256263;1
u94;186.92092984252176;111.09122786317693;1
u95;207.5668503277927;-11.955874922804552;1
v96;-62.08271666209227;38.96530889290885;1
v97;-17.908213400299914;0.49526230084787565;1
u98;178.50022298983373;-3.908088314165765;1
u99;151.82350847580827;-30.69188018712389;1
u100;213.66645780888922;6.925539821351628;1
v101;14.419281863077753;-16.89148682815732;1
u102;191.46910376355893;-34.45568080934585;1
u103;154.58135948450914;-45.61006309813725;1
v104;3.914150783452824;-20.987119503355;1
v105;12.19945411140193;-5.704570622835213;1
v106;-4.449944121814734;1.5417585088291816;1
u107;173.43636705823062;28.09464731783714;1
v108;3.5677783533761174;-21.83052218878617;1
v109;-7.443335071173229;-7.5567274635752915;1
v110;-28.275892330236598;8.295665710337216;1
v111;-30.175379052431918;65.39267502562389;1
v112;3.8924665456670398;22.587549978121732;1
v113;31.216724701780674;9.048835098807487;1
v114;3.550794331050922;0.9519121034477401;1
v115;-13.880698136000081;22.355638569643705;1
v116;-14.367534909077476;-13.545623225046862;1
v117;-11.766824400712158;14.106098489860463;1
u118;196.08679473796064;60.64515648595367;1
v119;-34.1231243317656;13.617810611672994;1
u120;182.34718292410406;-12.768746775825322;1
v121;67.06257523230566;1.1983275796989636;1
v122;-51.90317520981112;73.35120420981899;1
u123;209.33235576376785;8.521612868506397;1
v124;3.2135015364251442;-0.8008235573362984;1
u125;190.5350131176382;-24.73985825662949;1
u126;195.7677383632826;17.1984882897848;1
u127;222.7266930506868;-6.858800138256081;1
v128;6.079832651751858;-6.450624385068716;1
v129;4.2181474454474985;10.057778667127245;1
u130;197.53533598598244;-82.72204212539012;1
u131;198.25524777431383;1.323801139538451;1
u132;235.96168077271136;7.47869200517806;1
u133;134.01771083055328;-37.614011987813086;1
v134;4.707977009797934;48.04810823537335;1
v135;-38.8461861778612;1.6854520603502645;1
u136;204.94076649532857;-25.014440701919952;1
v137;-1.2730207720945785;59.1251485076344;1
u138;207.98763343494232;-17.26698199287561;1
u139;189.3597775971994;-28.73675211076258;1
u140;181.13491869914816;9.530263897675587;1
u141;203.6916345983236;9.637493898855285;1
v142;-17.19188920130763;-17.69279843766651;1
v143;1.3469804891970265;-1.0540521008830452;1
u144;194.92202129326515;-19.97569714735699;1
u145;200.6281123570194;-33.524065967032975;1
u146;176.98726377278075;40.01364817253845;1
u147;169.32491377074894;-18.972733617931475;1
u148;216.87236713718573;-1.3549948276450998;1
v149;19.654735009482607;-15.233510475250124;1
u150;234.2435642813362;18.299430618357185;1
u151;182.93043847415822;31.733797209602507;1
u152;285.3491056041393;-25.92124250800073;1
v153;13.333015470699847;24.30269335293429;1
u154;221.0284452845325;-38.97578787159581;1
u155;196.71022282057922;3.2219300779353124;1
u156;205.52699076838513;-26.492804553439903;1
v157;1.3028838293428116;-1.2526526536145073;1
v158;-30.963891841083196;-8.213381920837783;1
v159;12.459820360763684;-19.287249380860988;1
v160;-30.883977660636095;37.517782441749645;1
v161;-72.4829542466947;48.997489216968326;1
u162;193.38928407346555;-11.725282555279612;1
u163;229.55093718912178;-6.446784379511888;1
u164;182.97308069132768;-24.77676538915934;1
v165;18.82021501403027;8.650437466741453;1
u166;220.2995292455371;30.96766862532778;1
u167;249.62416530099057;-48.30203876628789;1
u168;235.8511134539562;19.94506961760219;1
v169;15.729002791951284;12.227475587021136;1
v170;6.081444714506787;-117.99373603187145;1
v171;17.751026399144113;27.770271541546535;1
u172;182.9694312452168;1.4686663906566453;1
u173;192.08061382621653;-4.466065443143796;1
u174;222.87483325287303;80.94982058057884;1
v175;7.829883809593012;-103.19687771475452;1
u176;201.01795436663346;-5.622726474029949;1
v177;-12.178536100787062;4.965696836874631;1
u178;171.72413723013958;9.364901347964997;1
u179;129.70460706406237;-47.401897808523856;1
v180;0.0121431764644931;5.304482977729003;1
v181;-2.1766793610402746;9.960568167627214;1
v182;-16.084573708238306;5.770325137110191;1
u183;218.43526832637252;-38.57981256160503;1
u184;182.84515540251112;-0.7310797699810788;1
v185;11.769153046779508;13.24382678463659;1
v186;60.280571421445025;-6.776287095441574;1
v187;10.627983854753808;36.73958490754418;1
u188;195.53033984366652;6.408463265940126;1
v189;-6.753746673115873;-33.770481697878864;1
v190;-6.639409645180019;89.04636921050037;1
u191;189.47121526339347;10.253326830407877;1
u192;235.55723070407404;-59.064934353910886;1
u193;227.45869371713957;-8.605726781243332;1
v194;43.27003676041425;-45.99678936965711;1
u195;203.04685750110042;-6.716367123462232;1
u196;200.57560875759137;-0.9135984875643944;1
u197;231.0665086589503;63.71390318728016;1
u198;173.21770006040055;-14.952721749522134;1
v199;74.30376188102285;6.972179841938216;1
v200;-34.12252413172499;48.13960505320832;1
u201;197.46616677200242;-6.70900215646517;1
u202;198.76867866804557;-57.894899974846496;1
v203;-8.39972705133787;9.557459795544968;1
u204;186.81389676546107;11.400604777245295;1
v205;42.45129985041841;10.287432285674246;1
u206;183.4394859640157;-24.05522016774467;1
v207;29.212966256402236;-6.997428672967705;1
v208;55.107397977427645;-15.979662839164053;1
v209;58.257059365799236;-16.33114338689281;1
u210;255.01644099652415;-40.28851251435304;1
u211;225.6015322619794;10.333071986327866;1
v212;-54.51444426394238;-2.820708596550372;1
v213;7.322957242159111;101.87503906720269;1
u214;201.18719443700354;0.521844603344031;1
u215;199.1933032858224;30.648617685406816;1
u216;200.0054945622706;48.161001862817784;1
v217;-11.018490657906364;4.25144954923195;1
v218;-5.092720793798915;27.988229294048146;1
u219;148.30035098232588;-25.173461918784085;1
u220;190.52668519262375;-17.358128710856693;1
v221;6.844385086686048;-3.554038823488428;1
v222;10.89212491702321;-31.8442921668402;1
v223;69.32904269421094;-29.440742764896132;1
u224;200.67762320230992;108.66883219239028;1
u225;258.7493923459743;62.91199839016286;1
v226;56.28955540009787;-54.839986689191186;1
u227;166.532413614035;50.690110699579314;1
u228;177.6862252922074;-4.872483776807838;1
v229;-0.8705846548473171;0.9648643507148361;1
u230;197.3035667934177;2.778468228038291;1
u231;205.09116802664226;-28.274045552885585;1
v232;27.512685668729485;13.480490144280843;1
u233;162.74435900668814;59.17269658811366;1
u234;229.68692150772713;-40.27152865233496;1
v235;-11.762090670092707;1.2808607885097916;1
u236;242.05150809078538;-45.63440780348672;1
v237;1.748633136393743;12.925592863843926;1
v238;-41.917470195937916;-5.123788998340416;1
v239;1.5338779819472679;12.647938676308724;1
v240;-17.34126606458193;6.084803032850339;1
u241;182.28657377533636;-1.7878328409213218;1
v242;-0.4012479902587793;-37.55022225548594;1
v243;-95.90779337095712;24.562976398473303;1
u244;206.4684076787645;-10.861885010280808;1
v245;15.138158780459221;15.77143519683815;1
v246;-20.243212634362877;10.757375720729229;1
v247;-23.7477842936059;7.402531250322836;1
v248;-0.11469477418017612;0.11978017582789735;1
v249;83.79385116265978;19.337203204909976;1