dep;0.6866518035067345;-10.801958509214161;0
v1;-15.133141330602855;0.8330667144197217;1
u2;178.15569530279524;34.431837215880876;1
u3;183.0569807356064;20.153055805848027;1
u4;174.84827647046734;-1.8862422142185866;1
v5;-1.6200488120816046;47.64433179709331;1
u6;281.0503325232316;19.570798841997945;1
u7;180.97926868779257;-1.5773000035883886;1
u8;171.5695047787077;18.930549649682394;1
v9;17.592640699573344;0.1321551417862151;1
u10;122.84311666283088;-23.7211662095774;1
v11;-60.23016343409399;-35.02749308718669;1
v12;-29.707154664569536;-61.78000655602137;1
u13;227.44770314015054;4.6351447029412265;1
v14;26.734357086301475;-41.768240397309704;1
v15;-30.39342696477711;-82.13728887362628;1
v16;-3.182534769251815;2.0182998235452283;1
v17;-63.70200405081899;38.228454689685854;1
v18;5.386678684371853;6.819359714305705;1
v19;-8.781751841252259;3.880926238733069;1
u20;203.5769931885314;102.00165337415686;1
v21;-17.262114559332336;-11.411046464346418;1
u22;198.17301681369545;0.9749575619540868;1
u23;206.2346310091969;-16.55595555755531;1
v24;-17.86051975279701;19.138224931724544;1
u25;202.7826555162248;-10.891657491115636;1
v26;39.51772160146967;-62.92003309610662;1
u27;209.57399947842543;42.33307583426485;1
u28;210.71842009335333;11.680561830894174;1
v29;-46.20223590162512;-2.089981295260394;1
v30;35.024335255942816;32.32524870773252;1
u31;209.06116694393629;-19.87485030488453;1
u32;194.0894807942325;-0.6984251705800532;1
v33;-54.19833787333245;71.65991339413601;1
v34;-15.29101619745249;-6.3684648335275496;1
u35;198.79794048799275;-3.617713356259343;1
u36;174.97979621940206;-35.529349543219496;1
v37;-16.681133254691538;-13.075717040097784;1
v38;0.12402526780048266;-0.11317633910873365;1
u39;200.76768275197276;3.1890666506020993;1
v40;-7.374828538756039;-43.37490300332798;1
v41;-4.597887188332598;-11.385814128909704;1
u42;200.59686254321167;-9.375284601968692;1
v43;18.884113760838382;-62.39405749397258;1
u44;189.24618020776367;-25.028525977566854;1
v45;14.50910421674826;-35.44722151474983;1
v46;-3.892134152983857;-9.435176179963724;1
u47;167.01638753380084;61.31834603095574;1
u48;156.69276394806027;75.7525960155176;1
v49;-4.464083836497801;13.029542633163985;1
u50;321.2973343884332;-24.854926788161364;1
v51;16.297217064872314;-23.41204326887504;1
v52;7.319424118666329;10.39831564547764;1
u53;157.01690352240743;120.11926993071584;1
v54;17.39953104224404;-81.83481547157302;1
u55;204.86422608574532;0.5526361809149793;1
v56;-17.675987681769755;18.911288798172396;1
v57;3.1661032805455687;-12.14376370040678;1
v58;-105.09804260863446;34.64278123085719;1
u59;172.31287017252544;-3.174055809441642;1
v60;-4.128902340396803;17.64608937816125;1
v61;-35.081510208594466;-45.100152545722956;1
u62;232.09424914687614;-13.171125626692033;1
u63;208.72366670385787;20.67734934567254;1
u64;200.11784823316177;-9.261616201780683;1
u65;212.55715202992195;17.544341279950373;1
u66;223.343163820234;-4.052324608264226;1
u67;201.40540386811816;-2.720127009141784;1
u68;260.77926987691393;3.4108828558246262;1
u69;214.287605450294;34.50167358462082;1
v70;74.08709600512023;-32.2476348254089;1
v71;2.5245402490925364;-27.618443979256813;1
u72;181.3041439080644;19.61266710532204;1
u73;182.93010354655888;24.129014246730602;1
u74;264.28670799327153;53.88732743370493;1
u75;203.0639276381421;-50.00532578544567;1
v76;4.629231521592203;13.844075467049318;1
v77;28.720001809048785;5.52827820159196;1
v78;-41.37768359634231;13.087224371758152;1
v79;2.275304081577898;-4.085758573813189;1
v80;9.900709828361544;8.254424947449758;1
v81;-20.154589319681815;1.0740514138515105;1
u82;135.31399437970566;-23.749847503929082;1
v83;-60.05629682857513;21.040695409488958;1
u84;250.31977964478952;4.773046696049187;1
u85;177.45950190713012;16.67082144628461;1
u86;221.1477736708148;86.66446302551863;1
v87;6.845199809604007;-5.9575809613475155;1
v88;37.23400534285342;0.1528908237567778;1
u89;205.31584626109665;-11.364584472012725;1
u90;151.64127012737634;5.135258668931945;1
v91;-11.248177408877561;6.14692509793455;1
v92;3.5031207322204536;-6.524436088897066;1
v93;4.624229857576297;-20.40772042396424;1
u94;154.20390198503202;-16.29732331692874;1
u95;190.834923128696;6.784820387890486;1
v96;-3.6572854143965965;6.584587791645014;1
u97;188.78121923439673;-14.204486561353825;1
v98;9.838544765845375;-7.290852079005909;1
u99;190.59302096119615;2.927055527251882;1
u100;183.65309817889425;-17.57049415245892;1
v101;4.363053402946257;5.008251327766794;1
u102;205.0747635477426;-20.728710009881933;1
v103;-82.08351373282514;-1.7511265166322711;1
u104;229.29513244147532;10.352058852874796;1
v105;-7.668126518931933;-28.401065685782044;1
u106;124.19110955973225;43.96640280440166;1
u107;217.12412716750774;-7.226873755268171;1
u108;217.19697171341176;-36.560511568482084;1
v109;0.5057008884819378;-14.08198477930025;1
v110;-2.4931897955928677;-0.4630153786462273;1
v111;29.156770240947292;-26.298703397479134;1
v112;16.545742055102725;30.722075696709265;1
u113;165.15775519177328;-0.7183841503803297;1
v114;-24.27193792610805;19.738633835639195;1
v115;-11.546762998053937;8.89850611464028;1
v116;3.5689667886452847;-8.499245687317801;1
u117;207.9673122607484;-27.884639885273977;1
u118;184.88699407355432;-3.5520753058197383;1
v119;-42.16867540467918;-14.754004702284623;1
v120;-123.71953392865791;46.06429423572929;1
u121;207.43393812890093;14.571368090613339;1
u122;198.85551107060246;-35.052632102539235;1
v123;35.67735919054048;33.09288036725821;1
v124;-16.77832462941653;-47.60660994787419;1
u125;196.67108315054702;8.34143925913803;1
u126;265.3474686017964;23.570066891140733;1
u127;190.48098685258947;-3.3295931731455446;1
v128;44.45516983110563;-74.65932998597684;1
v129;6.063238247637296;29.387438397807415;1
u130;128.03546528339228;-21.668053809721883;1
v131;4.550964579731945;0.07988090416227321;1
v132;8.371042526387068;-51.724234921268106;1
u133;266.7164144007915;-19.736053533127937;1
v134;7.833769710912002;5.678545418797649;1
v135;3.477169843822895;-0.4331214470244894;1
v136;9.128024978626156;25.04023184913279;1
u137;212.56955680269874;-8.851728728282664;1
u138;206.75994718644387;33.700177929272094;1
u139;206.55491828075617;42.141831344299796;1
v140;-0.8707505607597776;4.234838123179845;1
v141;-3.8790272680726137;4.038745483870343;1
u142;227.94047630603012;38.96378547594712;1
v143;-12.489849062899435;5.652916371735266;1
u144;189.91436467578384;-82.43823295822484;1
v145;-31.029811481021305;-17.438373567005705;1
v146;11.117278122710223;-57.81545473901176;1
v147;8.724083118954042;-57.183865806166025;1
u148;194.4951475767462;22.359646679578947;1
v149;-9.278940661650134;1.6175839404859382;1
v150;-7.043163537900559;3.412345981871806;1
u151;232.60632353522092;-17.77161834321585;1
u152;150.81464224178197;-9.961919697723085;1
u153;268.87269869801776;55.4990398098003;1
u154;206.65849413640234;-6.115861753575341;1
u155;177.81101345015696;-6.482817901937355;1
v156;3.4547129475623644;-9.612365931676134;1
u157;181.30583050335028;24.123374151714444;1
u158;231.63654519918725;-16.192593431449147;1
u159;194.51247157833217;-7.984252028884537;1
u160;221.21659267809326;-7.095223722452884;1
v161;35.39727792924676;-24.672076336862112;1
u162;238.23972096178807;-13.478551401600994;1
u163;183.38996895821603;28.35508715554415;1
v164;10.599342048217656;40.970213169613274;1
v165;-28.908736673510482;49.51997775539816;1
u166;233.41432040956784;-26.94785206359505;1
v167;-29.779175674492556;-11.626786721611591;1
u168;202.74138741044936;-5.760107148063129;1
u169;158.72901481336802;-27.11482088680478;1
v170;-5.395653978561626;-26.49436215615621;1
v171;-5.718302567853534;20.46832833541051;1
v172;28.682495335965577;17.315186250244015;1
v173;-97.09924134532628;31.85271797798821;1
v174;0.26471369841052034;0.18191294333916908;1
u175;247.55599487687712;53.97196494347115;1
v176;25.968281131183332;-75.71769790262879;1
v177;-2.3281676126311073;-0.5300805337855324;1
v178;-17.83107644730325;-60.238209065559076;1
u179;198.1954706423855;10.998259403555235;1
u180;207.5049978371449;-39.57299925538849;1
u181;171.61956839753495;14.202783041445626;1
v182;8.544803885707378;-20.39349824758052;1
u183;212.83323458395927;5.255354280793905;1
u184;214.5701594614083;-27.120829762101764;1
u185;203.4074888233766;14.283901798116379;1
u186;244.65598158551637;-31.30006111948011;1
v187;25.41842544231683;-11.210718469123165;1
v188;-3.15256254828223;-7.554231039592605;1
v189;-4.140697864605841;-32.97228844252091;1
u190;195.23444500198173;-8.641098381765186;1
v191;-5.546673132273435;5.351213589319831;1
v192;40.3680603407058;-58.962232831275145;1
u193;124.13444768245907;-56.76646518322707;1
u194;185.10090161053532;13.750610181714675;1
u195;200.23430115064895;0.040749397499572175;1
u196;217.8117219015343;42.46110824783705;1
v197;14.176334661691335;24.33755258514055;1
v198;-68.22577412297406;-75.09854904249025;1
u199;254.06556773709949;-28.426582056183697;1
u200;260.16722998944516;-56.80925157966658;1
v201;134.72168363095886;-33.18873135514896;1
u202;237.14082861652815;1.69459978483511;1
v203;23.35817997564429;-11.619717674465928;1
v204;22.842789616172027;64.08374323383096;1
u205;224.75216107984872;-21.041616972179256;1
u206;250.04017739565055;5.591309174939539;1
u207;166.67240382167165;-38.58957344238213;1
u208;184.71166849652698;23.68710073379736;1
v209;60.42202630307634;-43.08017861867397;1
v210;-58.91324703167383;-15.419513812756149;1
v211;-26.69011925150589;-8.223264909610197;1
v212;1.3599961769944726;1.4920006359236184;1
v213;7.556135267982573;3.3043164695555554;1
u214;164.90587863800107;7.824690671648691;1
v215;0.831700675560697;6.447629850228319;1
v216;19.61006822866039;-4.861053188019309;1
v217;72.33344876638057;-77.67089843442113;1
v218;-19.070186651061984;64.06803203916886;1
u219;196.41131571787633;8.73396274465555;1
u220;238.872629669748;-86.29453991235637;1
v221;-25.54556667028078;73.56432802039717;1
v222;13.664193512394803;7.897595169970304;1
u223;174.09230189600405;25.800934188969048;1
u224;211.1676274930726;-28.07328729994222;1
v225;26.529513754253564;-39.63157195905274;1
u226;188.3590530300766;-109.20011880636439;1
u227;200.40738809044367;-8.558522062448311;1
u228;215.08450043828262;13.53794543905451;1
u229;160.2158935991801;-3.2128290949819527;1
u230;160.22530641648282;48.06445580795395;1
v231;22.9753380245754;102.84193320211446;1
v232;2.0564021442184526;-2.9723660323614554;1
v233;27.170236504413463;-75.35002393851065;1
u234;246.91722094355288;41.18674956710441;1
v235;-36.75738050093673;-1.6196625301262317;1
v236;-28.522914850899994;-7.392186135093285;1
v237;-1.3411538141782984;-8.288611143882505;1
v238;2.6037844046081227;-2.3393647269383897;1
v239;43.31923456325587;22.46072664067842;1
v240;0.2549665709462812;-2.845516655009543E-4;1
u241;244.0619461693777;-35.78862005627767;1
v242;23.800070760902145;-30.182008869513297;1
u243;202.9246909960704;-54.347612427243114;1
u244;186.366821126763;-25.68616888632644;1
v245;-3.319127556231552;-59.18073398512746;1
u246;186.60590076661236;-4.957245793466517;1
u247;168.23700725033453;-86.49594920366903;1
u248;177.29539847501638;-19.334932559144608;1
u249;182.40774117705377;25.52947808682225;1