dep;7.05186422841478;-1.2781612248307408;0
v1;-17.500389459431673;-25.645434204481845;1
u2;219.63999494289573;-86.17412696171804;1
u3;205.824559447756;-14.38135046203521;1
v4;44.120774428493526;-27.690087436297592;1
v5;7.541673691075003;-3.126945822431751;1
u6;171.70341853829882;45.10756975999628;1
u7;199.68966779578673;2.012292449160499;1
v8;56.65217320525362;47.79020219567241;1
v9;-20.3807477772395;0.6007783641662705;1
v10;-113.35612118586599;6.083285771653481;1
v11;2.9608058831222586;-1.8996327301099458;1
v12;32.005270348871385;-37.15761290798367;1
v13;-2.404971453334121;-123.18818238845165;1
u14;200.2040881814857;-1.0628944645330303;1
v15;-63.04689939928137;-3.139678615290852;1
u16;193.43845471691938;8.296927029988556;1
v17;-12.923783849465126;-14.960958576803868;1
v18;-39.89748002585772;13.600561204913712;1
v19;-28.539885059797093;-66.43654311443206;1
v20;-8.591969100470857;-20.7085467445648;1
u21;233.2952208519745;16.573796227967087;1
u22;199.75908395423633;-0.8929064800866028;1
v23;-10.197860784094685;-25.37057232129662;1
u24;231.15624459783893;41.22012460927309;1
u25;191.00902045543182;-9.537968579933658;1
v26;15.582928711207783;71.87724040544445;1
u27;174.54931755899207;11.011356452331034;1
u28;243.85270313333754;17.63372504254224;1
v29;-43.421562550245085;16.019400455779547;1
u30;201.18894801961915;0.8260142816764257;1
u31;142.4137637543518;-47.89277586995143;1
u32;157.96109962623115;-9.309066458733508;1
u33;214.08550241951542;33.533394383557074;1
v34;-38.77070646765726;-43.07683265961763;1
v35;-34.71909435902757;26.880522677904473;1
u36;227.37817135122896;34.65105979183633;1
v37;2.8365909548766473;27.231192775852048;1
u38;237.78535600464102;-30.812531873301378;1
u39;158.50543409587996;-86.2199385050964;1
v40;2.1093235771885133;31.147866531176845;1
u41;194.12004827112997;4.9788999925643065;1
u42;199.48286627695936;-1.113210901032687;1
u43;201.6873306172017;27.848653335162584;1
u44;210.40152223977879;-14.060443131788832;1
v45;31.14831881597606;-34.70063827351207;1
v46;9.942677024008992;-19.013551382545423;1
u47;176.29790115761872;17.266518210647348;1
v48;-7.201619693186765;-28.01693165013255;1
u49;173.69196527636143;-54.97547509907699;1
u50;193.06236360860447;4.525580938797774;1
v51;-53.48175531431216;8.554466410846091;1
u52;216.807296740962;36.69236794583458;1
v53;34.83336449902612;65.67301764481356;1
v54;-2.7920686402139103;2.2323473319176412;1
u55;188.89268083501338;-3.9231175530702735;1
u56;136.54268690308385;33.93793299450043;1
u57;193.65950736805362;0.5788823891499868;1
u58;202.07843114224013;-2.301825578608717;1
u59;237.31872493086536;54.91980198226791;1
u60;198.746296165117;-8.174516773838205;1
v61;-10.86449872825686;8.592408029255882;1
v62;0.38055094617073776;0.22468086368820767;1
u63;206.80084774478587;2.474257040927254;1
u64;216.96286540583674;0.8700672257084633;1
u65;207.30200083235934;-14.889696620473954;1
u66;192.02545373805725;-6.1937080329422285;1
v67;7.113846491764241;3.9321497151488827;1
v68;1.5449610735985169;46.986952184956984;1
u69;204.18425764148247;-38.51260271739858;1
v70;-46.39505448605621;3.1006165641334076;1
u71;198.34752598634603;1.4986267994431042;1
v72;-55.58300811975153;14.067991210845257;1
u73;219.6164254820695;38.248887407798605;1
u74;282.0435685654803;36.01172810040808;1