dep;52.028375676772285;3.5973149533021793;0
v1;4.90574088516439;-6.113309920983416;1
v2;2.229655709935659;-55.51796554851046;1
u3;209.8448688781705;4.369025110751267;1
u4;207.80377258612128;-15.5282242809225;1
u5;198.60141656380313;102.07104046161076;1
v6;-22.242022290243888;-22.898306568954848;1
u7;213.06357437960995;-26.067949275543484;1
v8;-2.9784590551452377;-55.65712248640065;1
v9;-33.34182088297837;1.5350998315997963;1
u10;223.03906551831324;-2.671589823119636;1
v11;13.705355650938332;16.213962825074223;1
u12;167.97918053555819;19.7462148476575;1
v13;62.40624198471368;31.68245758695675;1
u14;216.36489794480215;11.916392533577023;1
u15;214.28009424691544;-4.71944386957364;1
u16;196.08607645471253;18.598070021141698;1
u17;169.50705671317456;-28.156677429190008;1
u18;207.58174613733584;37.93166066691694;1
u19;198.69803455560668;1.5170833936824897;1
u20;201.96460053571462;-0.14844142600636007;1
u21;175.6408236743839;15.689697047716127;1
u22;108.52253330364324;-30.68553194212677;1
u23;197.28913122750401;1.2442191672446032;1
v24;-10.132248395054841;-32.925109508794066;1
v25;1.6614293712761175;-2.6757724532211586;1
v26;9.798309232564415;12.958441203762373;1
v27;9.468175846535624;7.249677844287787;1
v28;2.0896714774823484;5.424061292408907;1
u29;235.17413504934245;-34.91374480582122;1
u30;268.3526211816937;-25.191897206801432;1
u31;178.10569539625357;-17.912119621402205;1
v32;-2.8453276559807184;50.778703421499074;1
u33;224.6767776876975;-0.7483270513589491;1
v34;16.550353638696848;-37.77079303987229;1
v35;0.2918882720976799;15.841560182871463;1
v36;-1.5531207420614757;77.27839955640529;1
u37;208.26286901972477;78.37477248196886;1
v38;-12.775084196122357;19.788663284350644;1
u39;210.02875214439499;-0.27090023086354553;1
v40;-4.978634151251852;10.612096974941881;1
u41;170.7912188845861;44.79122849653145;1
v42;-29.023173770326256;23.11550845035732;1
u43;225.89238363341693;50.86392800161182;1
v44;-0.9977404416528635;-17.170722800940286;1
u45;199.92533808267657;-0.6087489202453363;1
v46;22.845806329982807;2.381744361620818;1
u47;201.42222699502668;-35.443745876504195;1
u48;167.0473812247884;34.454763501641764;1
v49;-34.739919841731485;-7.151077725491887;1
u50;203.29952840897363;113.86753055985537;1
v51;77.0797166438156;75.1436483229794;1
u52;238.99807062331195;-5.900188467781252;1
u53;296.16719887666136;-101.2117897850297;1
u54;239.93237917280084;-16.744983501082597;1
u55;199.8728844992708;2.8507473341120297;1
v56;31.248005675048095;34.833194378981794;1
u57;146.80942493903763;8.315580194229504;1
u58;192.4124654146008;51.24784262416681;1
u59;237.47606657538236;-27.65129288651755;1
v60;-4.564205191096012;-3.8681149029575383;1
u61;159.23125672426295;39.786628520894;1
v62;-3.1530725497488636;-106.11575995868058;1
u63;188.44861437545254;16.46621472706661;1
v64;-2.4141617826596766;0.7118561270514147;1
v65;10.216035988411642;0.7817057520819374;1
v66;2.053410060205272;19.065322661441744;1
u67;226.6402202231923;20.49505101159268;1
v68;4.964647073380587;41.1367715995683;1
v69;-23.634095779241573;41.415149682863614;1
u70;255.09449134621812;56.735837217105576;1
u71;190.8138338004918;11.50595124746874;1
v72;45.13104446532694;12.254783213061438;1
v73;-23.519411560739783;-33.85106920772043;1
v74;27.4144774916699;5.927971740751361;1
v75;23.223172514550946;-22.280601198651592;1
v76;22.445691445956797;20.436321266535334;1
v77;2.632405812703805;2.04835695172048;1
v78;-42.879051805569844;-11.432664415674717;1
u79;173.74049696109128;21.369212380410087;1
u80;204.99295714281226;1.2369835377116931;1
v81;1.9826078343629119;1.872795169119761;1
v82;-79.23219596851013;-6.470140804644835;1
v83;-2.875085651138173;9.984742076047132;1
u84;151.2437312126725;-10.970264784547567;1
v85;-29.293516667805626;-14.441038098132053;1
u86;186.2372761725227;-41.12845390230375;1
u87;197.96601119141718;-12.871817633440342;1
u88;198.84547048213395;24.532885512351893;1
u89;197.01791035885537;-0.46516791045364275;1
u90;207.2831177452777;-36.266784834983596;1
u91;182.4226393361032;-6.522016619155511;1
u92;189.7741073194976;-14.078369802507892;1
v93;-59.706270462422076;32.90672439707975;1
v94;31.414552179397432;65.85639108950632;1
v95;-7.987032814167698;-4.465468765037911;1
v96;-4.839979460740525;33.34841996115697;1
u97;197.15124670267028;0.5447492764715848;1
v98;-80.47357696937141;9.284960262573769;1
u99;298.5568983534256;107.87382741827547;1