dep;-32.181235674829146;7.287711317864693;0
u1;201.94624006822832;4.413964770866128;1
v2;-3.4745436148414606;-0.1442810145327887;1
u3;182.24495974895606;11.269828002862624;1
v4;-2.3769047157188004;14.263980690242654;1
v5;74.27169347380978;-27.26458513164953;1
u6;192.02739857331278;-29.96337232724599;1
u7;246.91157527652203;80.46657656759508;1
u8;148.42360334134793;12.437931558488973;1
u9;210.23196694371637;0.4379646982816685;1
u10;197.69578593593258;108.34311506896286;1
u11;211.64895273822378;24.327994223896976;1
v12;8.602981564258354;4.523333487597501;1
v13;3.7893479038516946;-24.82106343528785;1
v14;4.914448517421346;-24.40402338310624;1
v15;5.126654934969896;-0.6643699406552592;1
u16;194.78982480053872;-40.63959160403096;1
u17;169.87952683775205;27.765592843410104;1
u18;217.3869509810811;19.30016922277294;1
v19;-5.281838749305716;22.08957343695392;1
u20;216.98108985485777;19.250294565863015;1
v21;-14.033095012092145;-53.13081851527661;1
v22;-0.05410066665888505;-14.22916854589065;1
v23;-27.921871401595205;2.0300163150440285;1
v24;7.490235205802062;62.629787105931044;1
u25;207.5277890488283;28.563777573712514;1
u26;203.7565613540595;-8.644052032700419;1
v27;0.4920660000308037;11.442183000758693;1
v28;22.34082325858958;-5.057644640833033;1
u29;172.85348847809158;43.31374072965004;1
v30;13.647792051026098;-34.65263862745917;1
u31;195.52317595703053;44.530774419795534;1
v32;-24.431080207730428;-31.74739921658572;1
u33;207.0656860037532;3.2151907409512415;1
u34;172.02873368522413;2.9345994735223466;1
u35;243.7262347276955;6.647989214737249;1
u36;227.3769344507932;-16.376991311280467;1
v37;12.471792949677491;-27.882513454051875;1
v38;-55.2748328067488;-30.759605128921706;1
v39;-21.23575229522448;-4.280382544306494;1
v40;2.801167213004763;-1.6472386527584644;1
u41;218.36138984228336;15.578685085104844;1
v42;41.91728687775924;15.33770473570493;1
v43;5.652092250483407;54.008202383889746;1
u44;213.64619744062088;26.78935226599223;1
v45;-61.563958269530126;-22.68406225259231;1
v46;7.2698268625838915;-27.885336436200376;1
v47;60.54222438338927;26.79537566099574;1
u48;197.2533602014032;-3.3945904662778683;1
u49;159.183258434786;-14.408954252037132;1
v50;41.288662397838216;1.842569560033748;1
u51;209.86282271330478;-13.227369463316032;1
u52;225.88209398723922;52.09488215263248;1
v53;35.57401231678196;-30.08212586285596;1
u54;208.94255110539967;21.951116341918365;1
u55;195.4661767397917;-46.28594697062834;1
v56;-57.71685326979561;-34.66008943346875;1
v57;21.839098894653596;34.299587747573455;1
v58;-1.1145091239986653;-2.8167001472553004;1
v59;14.451947613214122;-12.553811478165112;1
v60;-15.246617940975309;26.157412862714867;1
u61;206.64839018557237;-9.84847785433535;1
v62;11.504995596062788;-18.170109142651256;1
u63;129.15392535395443;24.36179201240846;1
u64;170.6778186358674;17.61616493482719;1
v65;11.537057861607813;-68.20113020873595;1
u66;215.77891611015562;-30.772873440390818;1
v67;4.246723423125992;-8.520540989288133;1
v68;97.44761005564555;25.574678978571672;1
v69;-6.525832685469053;15.744804269717408;1
u70;191.3314973329332;-14.780831943080422;1
u71;249.9781099755204;85.81464632916553;1
v72;-63.70853343386265;-41.481766106293335;1
v73;-11.990743908901644;-7.100902977588488;1
v74;-28.075662071398295;7.762035592111125;1
u75;296.5724547205218;15.58270892326138;1
v76;-16.98334905615748;34.407827914084336;1
v77;-21.26675873482825;-6.077270451844825;1
u78;181.3243166379572;33.335794123683826;1
v79;9.927604333074525;1.2597109430641027;1
v80;-20.134856337565946;19.624576468919106;1
v81;-9.868911571746573;33.17861225659345;1
u82;117.25680614963277;2.402167986840034;1
u83;162.71290627591762;-26.532154866979877;1
u84;190.9351497024015;-16.901016693360496;1
v85;51.137580112272815;-32.23359596787043;1
v86;1.2115519080804245;-2.4615003590711186;1
v87;-24.14670831442276;48.988243379541096;1
v88;-35.48201190531405;68.95754398621783;1
u89;218.85423009271466;31.762408316163132;1
v90;-17.823376765469444;4.156565901369076;1
v91;-28.711330516027886;-1.8025577293244874;1
v92;-52.60374014512733;10.235874276197078;1
u93;160.912302687078;-31.616492712683453;1
u94;188.57120251496664;68.92241371471107;1
v95;-22.517564862031666;-20.492233953025035;1
v96;-1.0012804424181572;-13.058185393787886;1
v97;18.09408540716803;-14.261151024592419;1
u98;170.31245702199018;-70.4532299622888;1
u99;207.3711553219035;-0.289062997484953;1