dep;-10.194704874478271;-6.959956194303958;0
v1;11.834057371008248;26.260728771076188;1
v2;-28.722386302752604;16.470211579280885;1
v3;17.554017374937306;45.04716507441226;1
v4;44.74029114528065;-22.084625528663178;1
u5;210.3817488925652;2.6828713814288374;1
v6;11.222468034590797;-26.5991651340672;1
v7;-0.8856924811355048;1.0315391793669675;1
v8;-32.192075699902624;23.658321307462725;1
v9;3.202954521873076;1.2594286747987304;1
v10;-13.767773920213514;19.65731202465372;1
v11;21.771918336036023;79.83527176735168;1
v12;-70.01128200311751;12.692608122204758;1
u13;250.6634574802588;30.17820594178729;1
v14;26.248348177509317;22.020910732628444;1
v15;-14.658517819871161;-49.583335099966064;1
v16;-14.005583700410662;18.769487335897704;1
u17;208.40507003066176;-0.7402044197891026;1
v18;3.4470486095404915;14.662453627648299;1
u19;260.10720734759894;-7.741817753490215;1
u20;196.5273524741718;33.951546428662496;1
u21;147.13228952598604;0.006564856293156001;1
v22;20.097095783138954;21.0666040735929;1
u23;234.89421833705921;-50.70902175485141;1
u24;178.74337554764955;-30.87041406428251;1
u25;147.3374647925635;33.14995665031062;1
u26;151.97132214809199;-31.177358525549373;1
v27;-25.833746050853627;-55.651712730535344;1
v28;-1.460065051540451;-0.05642987596256991;1
u29;190.4733712975486;-118.53053038351662;1
u30;182.72762669763796;-21.459756187692083;1
u31;200.2235251194948;-36.84335122393881;1
u32;95.9284263768002;-37.40104861966758;1
u33;186.8541204038724;18.472419662733646;1
v34;-56.33563018601913;7.860093455380896;1
v35;-0.4674730078564726;16.495851650627433;1
u36;127.07502839624034;-14.137760827863058;1
u37;198.30066891645535;3.594615152564842;1
v38;32.74316499374564;32.93114808638049;1
u39;196.10635013246102;-14.763629358212611;1
u40;265.52159676795725;9.680593548771595;1
u41;156.31595764454158;-10.405232513584593;1
u42;187.32401033607977;34.30051610296479;1
v43;-13.79350954038121;14.76954313624139;1
u44;180.29388247573888;-16.081686850421203;1
v45;-3.1302886028891233;23.10604145601316;1
u46;187.58452549265056;21.772758670473095;1
v47;-26.942105943617495;72.04596140533143;1
u48;228.147678982032;7.513478555424716;1
v49;15.673900390411145;-29.216670207793896;1
v50;-31.814222508253486;-54.281283996122056;1
v51;8.833958470956157;10.612253618276155;1
u52;193.62364903940085;-53.78398507539186;1
v53;12.934405199140732;22.39129208579938;1
v54;-15.509434830255676;-12.226579739122192;1
v55;60.55094689244355;-40.357074319145966;1
v56;3.462268772581103;-0.034535435623373516;1
u57;195.33193140971906;1.1596846929067206;1
u58;193.16253329790587;-24.462161729459904;1
u59;212.04047833773336;54.3795514749676;1
u60;238.4063070801416;12.47640124811737;1
v61;12.661489763007733;-5.630863567839366;1
u62;179.05069671559156;34.99827443429348;1
u63;176.60476404307724;9.135359016672211;1
u64;180.07849007933007;-39.902034765657746;1
v65;23.46759052057354;-8.81312563283352;1
v66;31.918395818550923;-78.68602272155636;1
v67;3.519380726863521;13.325075901129102;1
u68;215.60050371434735;-3.7625486904749446;1
u69;117.35479539712274;1.2266938844261133;1
u70;233.94798414981153;40.52887184698252;1
v71;55.333175054323874;6.224547824890253;1
v72;-76.62676241194487;91.43039385934311;1
v73;2.180353841740419;25.44558703098812;1
v74;-9.155706464329343;-0.5606721653172672;1