dep;21.586937148185214;49.897939875268456;0
u1;199.9878012594806;-3.2008794975964134;1
v2;7.391874660428481;7.699836682313041;1
v3;1.743725406625254;37.97494475993046;1
u4;242.78225977238185;43.219456287092065;1
v5;-19.803661869078944;-7.547374421754673;1
u6;249.33810529787974;49.67704925320189;1
v7;-18.940955143216172;39.49962458583842;1
u8;231.76668294975613;-13.78531661830937;1
v9;6.244602464798841;-24.855309897244865;1
u10;194.04962732213414;-4.833877303569616;1
u11;199.70916563899598;0.25895121670087046;1
u12;212.73254553348684;-2.77031663841581;1
v13;-2.3512064980047676;1.243070890668569;1
v14;28.892360872778266;-20.496034266449577;1
v15;12.474615780187195;60.543910622851335;1
u16;183.13441568280163;104.55046445593956;1
v17;79.78052787842383;-44.027445520123784;1
u18;183.29582600007072;-3.1630817078427325;1
u19;160.00095044210335;52.31678030758628;1
v20;4.430726962189808;-59.621208472257166;1
v21;-29.188215367118694;-65.72945990635408;1
v22;30.56729447206137;-69.69135452779773;1
v23;20.67368561312583;-60.622317363529724;1
u24;266.3983692210373;30.184603047858285;1
u25;174.59630111929675;3.101657262128326;1
v26;29.915320197256882;-3.4524114341774053;1
u27;197.3277081770851;-7.133166740713557;1
v28;-47.33935589832416;1.1790961581332278;1
v29;-2.4322213993270476;9.971054485318147;1
v30;-6.894239020801822;6.0941906942759125;1
u31;186.89046425898215;20.43429337687084;1
v32;-70.98471636103979;6.249222617272133;1
u33;196.73299834326437;9.411903417207078;1
u34;215.96782570595047;-2.883006231163413;1
v35;28.824621007212823;-7.9299013194955466;1
v36;-11.588250632404941;1.8699589285820222;1
u37;191.80295656513297;-1.8733953828581378;1
v38;12.935213924377242;33.3783858962088;1
v39;-23.285587483343303;-16.92150420531148;1
v40;-3.284978518625601;-8.826402232953738;1
v41;-20.4577451172963;-11.859501504936352;1
v42;119.01580064966444;-116.77394586293697;1
v43;47.313783346039706;-7.027104754580428;1
v44;8.395306974839036;0.4546402404431903;1
v45;2.804955493768144;-40.47441882136961;1
u46;202.62045968772847;11.992777383185327;1
v47;-3.9973236379333463;-19.01687973391128;1
u48;202.75310713895752;-14.138286655865613;1
v49;29.329938856109553;-31.581532085355192;1
u50;133.35394788881842;4.397266260828508;1
u51;189.34866147246208;101.25257495197533;1
u52;201.81128342091682;8.005700517346858;1
u53;200.5269255389867;3.55888596561794;1
u54;214.7533100026893;35.65408338151919;1
u55;171.71696485521375;17.08001076984112;1
v56;43.894892113885945;51.00220948065534;1
u57;217.28943727197182;42.581250804574275;1
u58;112.79663639799774;53.24768318364833;1
v59;25.84794727889364;7.538039965988757;1
u60;199.49931096590564;-24.901084867915323;1
u61;140.8881125675821;-53.68152472998165;1
u62;155.56578878115965;-30.708359922273072;1
v63;-1.6553973431169977;0.6040802965743239;1
v64;-21.57617695686529;-9.029386716599591;1
v65;-3.5803338518116603;-27.29941888374048;1
v66;64.52748456833797;21.947708674068608;1
u67;210.61566949619265;28.459463534552658;1
u68;190.15925779930316;11.4056765460143;1
v69;8.785631483745158;-6.660020835903922;1
u70;189.15772285667902;7.909108611020223;1
u71;188.26541877127718;19.23441754662492;1
v72;-67.01040486685504;1.2960381681269317;1
v73;-37.7097867327574;35.11899208681755;1
v74;40.76520703171049;-3.050495131328996;1
u75;171.94105524840543;-9.395467741675871;1
v76;27.4628285630485;6.2654401423107124;1
v77;4.045379204958501;2.515686101415993;1
u78;244.46607432473323;96.9938314187829;1
v79;-3.9035830223723957;-39.48670530937258;1
v80;1.8804911470398362;1.9309387907282431;1
v81;15.324420984946654;-0.46232450240771283;1
v82;70.70246483335666;31.358996840696513;1
v83;8.561912676742063;31.48609825874752;1
v84;21.325461630246423;-14.851295113642957;1
v85;-42.68592786719002;-28.70776832752987;1
u86;149.85636830492592;-35.45200400287505;1
u87;202.93520890987904;-3.9403522667704;1
u88;200.32937415686354;7.835023363454849;1
u89;186.0001723844837;-41.858267821241334;1
v90;2.837617924057202;25.937374018205382;1
u91;254.58377704425968;56.93298536183457;1
v92;-17.854535185582844;-7.918930301320191;1
v93;8.074296773483297;-4.71568854865903;1
u94;201.52730687914587;-2.892061392792074;1
u95;251.0774364860218;-29.055340678717958;1
u96;160.99532011317675;28.353355992789506;1
u97;193.66613163272947;27.609242195704176;1
u98;236.98777808212802;-8.39201730108721;1
v99;34.15453734844749;-10.794139022525579;1
u100;185.2200006100482;-13.313696139895224;1
u101;139.00147243744718;-60.617148057527714;1
u102;172.6509536094831;16.201337403057558;1
v103;7.032875970215444;8.717362351256549;1
v104;-43.95168782363384;-11.816495708907418;1
u105;184.58048032390948;28.396416638182917;1
v106;41.2239876095917;7.2090129149944655;1
u107;197.23755069903748;19.333626728183226;1
v108;49.57444161051398;23.540526906954973;1
v109;-20.744486233463824;107.54917863616393;1
v110;-32.10339764364231;-41.994791202786466;1
v111;0.1911386699289137;-32.05779538882454;1
u112;199.66395461802165;18.09599202002944;1
u113;159.1454913272293;-17.81080628904699;1
v114;-27.686196346223934;39.49750175709225;1
v115;-53.599517288804925;-11.979954108898697;1
u116;170.22413128243159;38.590853060145534;1
v117;47.152839737381164;-25.698578635251177;1
v118;-0.5725536651446405;22.376209172282465;1
u119;192.8898985762109;-20.97436763102778;1
v120;43.45406057131396;21.9759546038231;1
v121;-22.91646901436556;57.79827051442166;1
v122;81.75542717069389;10.000438086292016;1
v123;29.396487152431547;45.8979694425602;1
u124;207.01085249959982;2.4357978567812952;1
u125;201.38948384204537;67.54039977788841;1
v126;51.82580187485335;-64.73786693655983;1
u127;213.7917339953182;12.841177635218589;1
u128;298.7943881162032;-65.06345829645818;1
v129;11.826553383815243;47.63691876140193;1
v130;15.858529307945227;20.091551317758736;1
v131;-6.505770139201331;4.915690113293651;1
u132;222.14078987316876;14.768222447205881;1
v133;-6.553215500872187;-20.73175656985555;1
v134;65.18602910941785;31.406030581351306;1
v135;-75.96606301004336;78.89308457607747;1
v136;-30.191024978292504;42.55900127976543;1
v137;19.451932544888052;18.45914002034454;1
v138;-6.463536786203351;-10.505019521063476;1
u139;198.77011019864648;-12.04049457712859;1
u140;187.46260855133835;-13.463842665120845;1
u141;201.81209915078685;-26.49146111155631;1
v142;1.1622795550875904;-12.946812961560234;1
v143;-86.13509562966654;91.03027802205617;1
u144;194.9806321649393;32.458150720073384;1
v145;9.480077243468592;25.73377699264572;1
u146;200.61340956230782;1.9538673491002678;1
v147;20.278142777239477;12.649536215960032;1
u148;221.71138223152673;-12.388533533354886;1
u149;215.6750131912408;-106.74554461037094;1
v150;-38.54528293283932;39.97105771670947;1
v151;69.05587889690106;-19.502825398368845;1
v152;-88.4594585814005;43.329920782440226;1
u153;208.30519933687438;13.36951730948993;1
v154;-4.1740847268094745;8.85688900544443;1
u155;227.2780491744365;-49.217176241885454;1
u156;190.82721670565513;37.26467261016119;1
u157;174.6222166226381;-17.48598321420476;1
u158;233.95219336369826;-43.80529907277537;1
v159;-25.51166423396871;-35.484315424946;1
u160;270.0582559569139;-54.82208981617478;1
u161;195.67867959628106;-111.83843240754292;1
v162;-90.66076128698951;-7.883616909727133;1
v163;3.445220847167655;42.21451282265773;1
u164;193.01540241031358;26.018805045396828;1
u165;285.53884312311516;-61.11379678663205;1
v166;36.00638683207933;5.907068379328872;1
v167;-37.617010195336434;-13.339025170338934;1
v168;-3.9160795541415703;13.269990922928502;1
v169;36.06994481405939;-27.403879232438705;1
u170;187.69757200931252;0.46936531375028323;1
v171;31.20509039505839;-35.8883008799663;1
u172;209.16977720509226;10.56090751325235;1
v173;-16.386291332016242;-2.353914439675945;1
u174;260.07531890149625;-4.079746071263141;1