dep;-9.948201026585025;-36.448125445787745;0
u1;265.5638622421121;87.96394738265464;1
v2;10.94699240890045;-7.799825093670842;1
u3;207.7657720265946;-6.9411633829033415;1
v4;58.70861159936295;-5.169139798391599;1
u5;179.6534641343342;-14.076970547307676;1
u6;189.1081814327337;-49.947473270125826;1
v7;73.2381819276735;-66.79103471846513;1
u8;284.4821918953994;-0.9876485745705252;1
v9;-66.77350914097279;18.640164774137354;1
v10;35.23508823169693;84.60848481239637;1
u11;173.93749748524783;45.508067891165766;1
v12;-2.5197971095447005;4.800434568927723;1
u13;195.32435150660388;10.044096923420739;1
v14;-8.802407378908015;41.007298614101984;1
u15;215.3281384448461;17.92743672450333;1
u16;254.2146006996991;35.455773392610425;1
u17;209.4689916486293;23.43386519301306;1
u18;249.58366196512617;86.31828737271054;1
u19;185.801660191525;-27.587917809843045;1
u20;177.93779805102795;-58.08195625617548;1
v21;8.00934666089696;12.522588481090825;1
v22;-11.574298305823422;22.237056411808755;1
u23;257.70886394927265;-33.439286107777434;1
v24;23.07838826174549;-47.10550570655183;1
u25;172.36986262790043;23.917807573417292;1
u26;237.7482743206531;74.90911007622152;1
v27;-6.675658443525336;-7.485509680228744;1
v28;8.168359114720857;15.956337944091747;1
u29;162.9923884023147;-12.372696490165467;1
v30;11.529943015786877;-3.7419977766473544;1
v31;-16.490298501998392;-41.45634946280197;1
v32;0.2539533476720863;14.016796802292745;1
v33;3.562829415098204;24.4840247681807;1
u34;254.66602577756325;-18.658531374031817;1
v35;-17.46687011139289;19.61913541732376;1
u36;273.92904456189956;-28.8775144385953;1
u37;190.6317136955511;-8.780187115074503;1
v38;35.930039713839754;-21.272471941230137;1
u39;203.69850896961677;16.926538311306356;1
v40;5.924191095283523;21.134415008544646;1
v41;-10.023087745999455;3.542543356375895;1
u42;185.46117217135256;-38.76885714750743;1
u43;198.18956230866553;-4.404329982656997;1
u44;244.8344441348075;19.760943273956368;1
u45;193.67471431608578;-4.8928453724821654;1
v46;-0.785461431392175;60.71246188141394;1
v47;-4.285261722019326;34.313822930972876;1
v48;-25.8045631566398;57.616755316432744;1
v49;-47.18756652829294;73.16315490218349;1
u50;173.3799715722284;76.7926624447213;1
u51;150.00794890218873;-92.06795394868357;1
v52;-17.788350808947094;2.1123589311852786;1
u53;171.8821174023849;-38.86479931993717;1
u54;199.14916910486644;-0.31478176897961707;1
v55;-1.6729400437123887;-0.16789091040056453;1
u56;237.2164979610501;-3.697735600105798;1
v57;-35.88746010599731;9.858497075678882;1
v58;-7.820701462361827;1.386002313784896;1
u59;174.70723761174432;-41.704025770683984;1
v60;24.818466817786103;-11.996308426808259;1
v61;0.825992266202783;0.02064414169535769;1
u62;209.29766652509198;-32.8164811787844;1
v63;12.598021066826075;-28.855061901770817;1
v64;0.6069597834850398;5.6353419585984135;1
u65;206.52697231682995;-78.7600924843258;1
v66;-62.259483983197526;-48.152318354940675;1
v67;-4.104750426122624;6.765331124869728;1
v68;2.4356873660163876;3.507881043728098;1
v69;1.3099702825723014;22.05465063072154;1
v70;36.975555223147765;-87.33151253356368;1
v71;-55.217097268826805;51.871953988583535;1
u72;218.75763824089958;5.225291927958833;1
u73;199.8047395791346;0.05356191413019604;1
v74;-0.7543659155131579;-1.0518719934086158;1
v75;-68.23493612192489;-37.03099190649149;1
u76;200.39055709202157;-7.923113140979735;1
u77;149.32742349167648;-16.933837125319506;1
v78;-0.018257448127640064;0.005898694006697589;1
v79;-23.222231478445817;11.864396234185131;1
v80;-5.67407400576996;3.2383256633866075;1
v81;-1.242944315139906;1.4435871777512272;1
v82;6.334272031545291;25.349022598544327;1
v83;-41.02832849336434;53.7549692560452;1
u84;156.40145057686195;-11.016849962585496;1
u85;212.48293138305792;-10.718818559982605;1
u86;198.2723912925841;-0.5114364431714831;1
v87;2.1510622877663756;5.605558396573699;1
v88;-63.99324576469557;-38.46775461900896;1
v89;7.9390933076551;-22.529738185459795;1
v90;-35.92460508818204;-45.01867391598971;1
u91;156.67538439008283;-20.068360710832387;1
u92;199.38129198880256;-0.8257062141231043;1
v93;43.0423492355246;-28.82838052528065;1
u94;178.80704902676152;38.24647241435061;1
u95;199.6048071230252;22.37755556153767;1
v96;6.667772131851685;18.210023942512382;1
v97;17.098877835035715;-19.98044161959512;1
v98;100.85543381470482;59.93341719293423;1
v99;-24.587757480137878;-30.196946880636848;1