dep;-40.713165481962754;-16.971275293321508;0
u1;160.98756380406724;64.22601981983887;1
v2;24.213196391937217;53.94644323059158;1
u3;154.77188041009327;-15.526593926051019;1
u4;202.58915737208;2.427716691836937;1
u5;224.31235162310153;5.901324068518209;1
v6;0.2445489000170289;3.188747853989403;1
u7;182.96238415686685;7.834904834357868;1
u8;196.1366367621455;61.02155944587304;1
v9;9.179112268956274;-40.68185773258335;1
v10;0.8482948776487015;38.485415639879726;1
u11;186.86826145652634;-5.086947174401443;1
v12;13.838126373207437;-20.609785856961153;1
v13;-3.681510744234763;6.3411948187735145;1
u14;227.80304085544265;-27.533484849909804;1
u15;180.98541374052547;9.852070207403905;1
u16;211.5883190940344;1.791573170273192;1
u17;156.95812959840652;-1.0479345512206644;1
v18;17.647487538265;-15.947243702934562;1
u19;137.7034188874535;13.060340649672531;1
u20;200.07740953172495;5.552710114087686;1
u21;194.11113689249703;-19.14171922867426;1
u22;250.56065736263162;-11.798608749369611;1
u23;190.1794404005337;-20.746424965708666;1
u24;208.33783567951258;3.3214337092131276;1
v25;-43.76428055182305;15.494598942782039;1
u26;214.03025956740655;-4.576092417685642;1
v27;-12.795462462707917;46.767707154134236;1
u28;144.73693959039787;-9.185980580630705;1
v29;-1.1569662178825135;0.7181392604237058;1
u30;208.93088339437134;-7.372294300732746;1
v31;-28.811886216452972;-54.55239915809936;1
v32;1.0428805163454067;-0.5646946440589504;1
u33;188.43879371271268;42.539748198806976;1
u34;207.56157265134516;1.1179433666620522;1
u35;198.76475552093564;-40.32922908144896;1
v36;14.143464623715559;-25.571701483014465;1
u37;201.00859922300194;15.951146788315656;1
v38;-3.8547480810765653;-9.197606047632016;1
v39;-0.2740617439147754;0.5106257589447041;1
u40;171.33627233326368;2.7296101371751176;1
v41;15.05233297722223;-25.359035306494857;1
u42;176.1782015869237;17.505021125814547;1
v43;-4.597107062653509;8.313354350763168;1
v44;-2.4655175807179583;17.741440028366213;1
v45;1.371816442650296;45.11108294460964;1
v46;-0.056045653880903525;0.03989929590640227;1
u47;199.6076722279449;53.80439120817695;1
u48;284.35809941076593;-25.870157007006835;1
v49;-35.290568488016966;-0.3304184355345471;1
v50;-2.037248917428338;5.385810074125996;1
v51;0.9646717646491199;-58.69019164043456;1
v52;-5.631806296277279;-2.0843395965968683;1
u53;182.82240969755338;10.073590556925023;1
v54;0.05280049863266577;1.5624480572529311;1
u55;237.73103627618923;51.148145082810345;1
v56;-85.97857932518363;43.84414742218072;1
v57;-3.5358426730116883;15.638974310191463;1
u58;173.29330029270602;13.353703923087464;1
u59;164.66907675866213;21.386200118468462;1
u60;343.868933245828;-25.84800530838114;1
u61;211.66597914041805;-9.925454007387705;1
u62;201.33587137757124;8.492719059607486;1
v63;112.79928475042652;8.190785918703481;1
v64;38.74237486282641;0.7543392468966243;1
u65;177.1132433485027;11.681400148372543;1
u66;207.14843707459434;-5.098006940646404;1
u67;192.75494485869967;-23.5137651098736;1
u68;222.18238211876803;-0.13596479216004612;1
v69;-13.25309773791408;4.268179977258101;1
u70;211.48602829890802;-21.526716813029687;1
v71;-4.245596891463613;42.963605107350155;1
u72;199.9216405608302;0.19784956647202348;1
v73;-11.238639730173942;49.088389559892846;1
u74;264.2733805711615;60.52343052541562;1
u75;179.13785143284673;-8.759812743596928;1
u76;193.8874661915368;9.289297031479654;1
u77;192.46218163508954;-6.309466427929969;1
u78;197.37353125921723;-7.285767974954065;1
v79;-0.35507794523745434;-1.0181056901999939;1
v80;-11.690502054208078;-31.990439353861852;1
v81;52.2292675317888;12.31753154338182;1
v82;11.678221479127975;-37.704685764392266;1
u83;162.95097064684944;13.48822174918374;1
u84;209.03526579402907;1.109499464261095;1
v85;20.031448470789133;16.388130704184963;1
u86;247.31539312054974;38.48012577466988;1
u87;218.37300086811058;-11.797387086590222;1
v88;92.00301504525069;-8.789503462032556;1
u89;200.3331649485729;9.349168690218777;1
u90;191.45880293989077;7.7474232884472825;1
v91;10.48684909578611;10.729288556495817;1
u92;229.83317137837219;-14.873437305478715;1
v93;0.5549989879718783;-13.741163747977566;1
u94;137.65880365345714;42.082237709805455;1
v95;13.403984536985059;3.4812952071407053;1
v96;80.55204671626494;-13.307623765404982;1
u97;156.6615344399442;-19.723429279622575;1
u98;211.99432025902541;20.411474727297314;1
v99;-37.25504200238705;8.141287313862856;1
v100;-12.518368966511586;-9.484110810934753;1
u101;202.4023217982387;-0.511371543160188;1
v102;12.290002516830748;-26.909184823973344;1
v103;-13.72190965058198;-1.176022636165164;1
u104;211.25808144288652;38.26309844132886;1
v105;-8.968511926511132;-3.366348563098752;1
u106;167.2875374173478;-101.46102630334005;1
v107;22.18676472020724;31.232516586577873;1
v108;7.024184638248406;10.721151852814403;1
u109;185.08620632561252;-5.10585091199697;1
u110;207.22068507211154;-11.035269707629954;1
v111;3.8531593569148934;-4.641813578838504;1
u112;192.11932311158532;22.77658949419999;1
v113;-15.120995185087304;-32.94366281772255;1
v114;28.911097579366555;-5.7585521518884875;1
v115;-39.109977568071585;-81.26095521380402;1
u116;178.276418297557;9.983853950997398;1
u117;178.05097674931218;-16.448854193864236;1
u118;189.97976071580663;-11.603668856862788;1
u119;200.3885522957042;0.6786162919054357;1
u120;213.01658234004594;28.816104492255267;1
v121;-40.98165072762574;29.038347263620775;1
v122;-33.81260480974779;6.881349405408029;1
u123;211.67971107602915;-14.810051820422;1
v124;-8.865661372979371;-28.8836252533482;1
u125;235.74454611200218;-112.07244770159127;1
v126;11.366709334992613;34.54771009905548;1
u127;257.35144405187924;-36.94914918538922;1
u128;192.66268455784427;-25.166386740893962;1
u129;206.68664604900925;-13.815160758218957;1
v130;77.11081838064543;-18.839722984012035;1
v131;18.70041424160165;-15.26725761134237;1
v132;-35.99390568221696;-28.89212404154384;1
v133;-43.53055667209422;-28.31097189981818;1
u134;201.5752828101212;-3.797483359813717;1
u135;124.39058351071806;1.0319275944952386;1
v136;-10.488270866033824;23.53281294139606;1
u137;272.42379071042035;-85.5680666704725;1
u138;146.27251520358072;-7.66367645078489;1
v139;0.6030167897704365;44.41983857153327;1
v140;-7.233896734921833;-28.423742778542966;1
u141;281.63569233951955;-0.9339441990947522;1
v142;1.0347048144976616;9.881684433173431;1
u143;213.56357255369824;25.112923836984987;1
v144;-4.649538777953281;1.8080638078573816;1
v145;5.503138313181087;10.772538971821813;1
v146;11.858630371232662;33.106526014286445;1
u147;210.4623686037681;-2.1626920214023215;1
v148;61.04950890749389;-45.04187590782322;1
u149;203.8146331647678;-9.993470774892122;1
u150;176.92710453549745;-92.06606255252868;1
u151;197.32961618507338;-1.6395675732421868;1
u152;190.50953265311566;2.3483138302289217;1
v153;24.822019140106732;33.48539753462759;1
u154;221.12926273997348;-0.9587057703688694;1
v155;-53.25578342666287;49.252727380463135;1
v156;-2.9935755295867206;-55.129010383885465;1
u157;162.07739896466305;20.598346427125367;1
u158;194.33827730355497;-53.22615145140632;1
u159;199.271133777074;-11.610708636791752;1
u160;294.96287263838497;-25.40584718301851;1
v161;-0.001633976785690855;-48.63808480024772;1
u162;174.60216161925104;49.44965504035122;1
v163;10.446185106894301;-9.133695871760485;1
u164;199.59348846369866;0.3199695266082098;1
v165;0.3763248032718246;-12.3025272453637;1
u166;194.1929315539666;11.949147800497785;1
u167;188.6288806556504;1.058802272561956;1
v168;14.532825771706328;72.57387816236066;1
v169;-4.393733230114865;0.11508571857889736;1
v170;23.98157863043377;-3.31472195794033;1
v171;-38.58836496911264;-22.842536524614317;1
v172;-59.19815484171242;-26.632454921423324;1
u173;223.57284575985602;-64.60484292458075;1
u174;190.85669384843143;-22.92897672692684;1
v175;57.15682898191717;-60.390692917279516;1
v176;-23.908916567439963;7.209842807719596;1
u177;224.77942564566945;15.78241099087006;1
v178;26.627918968675957;3.162319982925072;1
v179;-9.44592327919592;10.788941223968507;1
v180;6.137426199360215;2.601367541426957;1
v181;-23.083760068087674;10.922782509159287;1
v182;34.04919728070645;34.680595332350016;1
v183;-95.6185479794059;-8.000035617459137;1
u184;210.83058813407993;-0.30962547509017097;1
v185;-4.939974407112773;-7.272649064479479;1
u186;281.29050066588496;-31.163865657788815;1
v187;-1.1859041800885974;-13.123715231997139;1
v188;67.53788563537496;-21.130121796879468;1
v189;61.660020165773965;-6.00463427047957;1
u190;214.350583847015;56.911546208776606;1
v191;10.299395913214925;9.025649310630703;1
v192;39.59596106399601;21.000803011057762;1
u193;263.4840274683327;63.0745677567051;1
v194;-49.341947466678654;24.181293690360842;1
v195;1.8270739782888596;-5.5216285719212;1
v196;-15.849415142021265;3.9128110266764367;1
v197;-2.797982792166031;4.203267918916266;1
v198;12.939553053905263;14.190747954255848;1
v199;7.414717703846166;-71.6453453123146;1
v200;-13.475613799631791;8.841877303573073;1
u201;210.33694455981237;4.501844915252677;1
v202;-9.988530476440184;12.070876346807792;1
v203;-11.211824168322206;2.2730997979049232;1
v204;-21.112731971589206;-35.30096033273557;1
u205;236.13593404548237;-1.4082832863507828;1
v206;31.212304823591;11.368977685227081;1
v207;5.95837181337888;-10.653848475972483;1
v208;-24.435181409148115;0.07593229406521111;1
v209;-1.9934607529087485;0.4087791303600076;1
u210;230.87724488691947;-13.312578994089435;1
v211;36.0820771467393;-13.071295266376556;1
v212;-12.190684082999313;-49.991737635013294;1
u213;187.98605645502067;78.79371538741108;1
u214;178.0141436537483;-65.9514818287643;1
u215;187.59344456000565;15.02917656892946;1
v216;-1.107074565126764;-7.209773532521185;1
v217;29.349008490079797;-27.77132733045719;1
v218;-21.581597682604908;-14.202089043060122;1
u219;180.28123030880124;1.228910606594348;1
u220;259.7182563090557;-62.65588315445011;1
v221;71.44030132629192;-44.52309277034849;1
u222;226.61705717144307;-35.25365894611309;1
v223;-3.386504235645743;20.513685325248165;1
u224;195.19545638520722;-63.44509712123682;1
u225;201.26425153253638;13.279853896434;1
v226;-30.883346632870328;11.690139166633175;1
u227;233.63442461110293;46.169710284576475;1
u228;200.99383965773976;88.92623675543761;1
u229;213.3165235567389;1.3982082850178894;1
v230;-36.17770065793212;89.29956247065806;1
u231;206.35515819649282;9.131925683421175;1
u232;192.22109370944932;-7.063857927388838;1
u233;203.5984397036231;6.672640253524634;1
v234;23.88968003832328;29.52388684466289;1
v235;-81.8626801928921;21.08914390891347;1
u236;203.8501424812271;6.444263792998479;1
u237;200.04746240917768;-0.0328611986577848;1
u238;196.32989069002366;-0.5777262278705102;1
u239;186.4118106685885;22.812063155612222;1
v240;13.867371592803051;-1.1745758074482509;1
v241;-9.183952955227333;-32.55368536037064;1
v242;22.170035537215355;-26.240034297070306;1
u243;191.82112857535313;4.577967958638259;1
v244;-29.899896169678527;27.56325433278771;1
u245;186.43507691826727;-11.62505975993362;1
v246;-30.86525313962857;-27.732621611006277;1
v247;-3.124963269818548;133.52718701789678;1
v248;-86.87338740894896;32.00810302609023;1
u249;198.2121110705587;56.64654023018022;1