dep;-66.54589175396127;-6.614289590524027;0
u1;204.21119458908237;-14.970613792238243;1
u2;178.8822315056617;-31.50302715317039;1
v3;-11.155393043950594;-0.6091729046412945;1
u4;243.9789088127793;11.410981383595507;1
v5;-6.6405478060291205;-2.549144213155711;1
v6;-4.20462071066283;19.22179459310691;1
u7;230.56582439227972;-47.695863491139086;1
u8;196.7820591732661;31.42305435441373;1
u9;198.32253008036292;-1.1406155272957998;1
v10;-29.921741429717823;-15.177533572962338;1
v11;38.46114848351482;26.32956368678586;1
v12;-95.29947906324008;-16.6304300664977;1
v13;-14.920509132050334;-82.93763270850187;1
v14;-113.93084180648655;54.51547556667827;1
v15;72.29450006391737;-37.837178888878306;1
u16;178.21054320572938;-36.71359097298897;1
v17;-2.801268841019137;-7.582648661013714;1
u18;215.51977063442789;-40.84605530565929;1
v19;-3.545755943522597;-0.5149852135981374;1
u20;226.17622251356818;-3.763451856672546;1
v21;-5.197809116026258;7.807047052712941;1
v22;22.474972027420662;-66.22565316319238;1
v23;58.60469875627795;-25.318990487297114;1
u24;189.95161882797532;13.153832400698162;1
u25;197.83806840844872;-24.127680907630648;1
u26;276.4983060983794;31.26152732622146;1
v27;-55.632967909141755;-10.778574684997194;1
u28;227.41652794460933;26.15566549541376;1
u29;196.22237561947404;-0.2473473060964561;1
u30;240.67387837051552;-9.95904386823348;1
u31;245.12527729606305;-3.431956699784758;1
u32;163.88826731016312;-26.606334439439408;1
v33;49.75120703854745;10.564353657118923;1
v34;53.53884063486015;-13.733799000780635;1
u35;182.10742683807302;-14.088163157567637;1
u36;195.01399555501206;-2.319745420757608;1
u37;187.57099315415397;0.9672223142205452;1
v38;1.9565880956572905;-34.102171538270426;1
u39;193.70424824717094;-8.893090775771856;1
u40;181.72753801625336;-20.866145162719068;1
u41;171.53414488355295;74.42693210147384;1
u42;190.50825042756836;36.554727525436086;1
u43;66.10541410364809;-60.88919332657539;1
u44;204.88940213742057;10.784476396853432;1
v45;7.36448862729467;16.981842714789092;1
v46;-147.69153922699996;37.60154090002014;1
u47;190.1677846550446;28.899596008393882;1
u48;217.03466603276507;32.06613383990438;1
v49;-15.322803050224138;-1.49915293412366;1
u50;181.86823569982423;20.534974257156804;1
v51;30.172128864682062;20.83353770353972;1
v52;27.538157273441886;-45.02833748768057;1
v53;74.11658079677096;-16.173654685818885;1
u54;145.68701309363252;-9.831888970514305;1
u55;205.61855063422706;-6.829029578595371;1
v56;67.29115091006939;-58.53205192285373;1
v57;-3.723494885391882;-4.434801516517813;1
u58;176.23552979064212;-4.399833101364399;1
v59;26.998899227061226;-14.953146930356231;1
u60;208.09301999365692;33.73426580260859;1
u61;176.73459405038216;-28.88443110272373;1
u62;200.2161647111431;-0.24071205621756162;1
v63;1.0737325738982055;8.334603745642566;1
u64;239.72630452897357;-18.428574479096103;1
u65;198.98835657399025;-27.957372232389584;1
u66;184.4370632891913;-1.5107346287955674;1
u67;277.3956574030461;-89.03518889521504;1
u68;204.84958037953086;17.098836663602718;1
u69;213.98042163720655;-12.69873988492221;1
u70;217.2572208885527;19.836055925753644;1
v71;-22.37248900061118;-6.839931194062287;1
u72;178.8332361917443;24.229674987923953;1
v73;-101.90953483472308;-24.494337805543683;1
v74;36.483442810626514;-42.1585219349712;1
v75;-62.29912582262066;2.7981667904632235;1
u76;218.3772934556114;15.1516198230394;1
u77;192.98350883731163;-4.050349734597204;1
u78;220.99278391193602;-60.14086223662889;1
u79;252.02126115272662;-16.122004034631995;1
u80;216.86991971008717;38.67485257600733;1
v81;3.2012222780060338;-2.695499379253267;1
u82;231.43111294589315;60.98748348452113;1
u83;105.9945340533992;-88.73406577826701;1
u84;206.61482482249903;20.60303556183599;1
v85;37.51647783821637;29.258456805955387;1
v86;-8.246647110870223;-19.58448133590537;1
u87;117.76790810037254;-66.75774536918443;1
v88;5.84149021772419;-29.073441538244424;1
v89;3.534315077542757;-44.77672884370492;1
v90;-6.104043073685466;2.421716079044655;1
u91;201.0168360337815;39.05688566460682;1
u92;191.09470680609851;10.056702376659777;1
u93;201.59995577557552;1.6162852108427546;1
v94;-29.874396727130154;54.15223833949033;1
u95;240.4873659678263;106.1082754987797;1
v96;-2.7942459200935015;-2.333924608127625;1
v97;-0.5107931410245594;2.0543980438801337;1
v98;-16.847982963270404;43.432674464244464;1
v99;32.812963212638685;25.26351177810823;1
v100;5.721138042036998;-2.573272497763578;1
u101;183.4083825936751;2.060633984299116;1
u102;211.2364072875274;-0.8885357521096182;1
v103;-4.454876545030342;-10.330120792202237;1
u104;152.46524083524312;-40.65642338778484;1
u105;199.84537573606667;52.60944550468248;1
u106;196.07268122636648;0.271506062983187;1
v107;1.6717296828408263;4.06887916990584;1
v108;2.0635186109784764;37.200199924136506;1
u109;235.58501865365545;-46.64860645535943;1
u110;178.34212436216697;3.3587355832408314;1
v111;-64.80058294216127;-9.527494001334462;1
v112;12.817049422098439;16.84638052939584;1
v113;-52.57945493655733;3.4535959492659027;1
u114;202.2744310692812;3.068910809376793;1
u115;194.92095256948812;7.136451399891179;1
u116;180.8034461548741;-4.0649857738343025;1
u117;158.32875677247856;58.883934222066166;1
v118;38.949837706325035;-27.95155859327907;1
v119;-25.236576190469673;12.37963591561459;1
v120;-81.77675028463975;11.848040950547084;1
v121;-2.8003811716341183;0.019708892091752094;1
v122;13.530908086877051;-3.8932257942306348;1
v123;-71.69485484187034;46.49167064240691;1
u124;200.9687621813408;3.566451210257002;1
v125;-2.0086231198577464;-0.9422989436508137;1
u126;224.86362999510814;-13.906746290244689;1
u127;203.5391871369253;-0.7286875973903078;1
u128;222.2570460896203;-46.98345268224252;1
u129;208.40087075238483;11.027174966430918;1
v130;-15.1061609216196;-20.451456598245148;1
v131;-28.544823452421543;27.587554197385476;1
v132;-61.077235834908514;51.97002164594197;1
u133;217.88345268516693;-14.393293122809666;1
u134;170.81612288567814;-8.654159178620834;1
u135;221.57378327546044;40.93313035406787;1
v136;-30.95495112394236;8.864671976682782;1
u137;218.50322478528733;-5.471555067169362;1
u138;231.1878184551994;-15.91098585328481;1
v139;-68.1928877115219;1.1264068763501687;1
v140;7.901209575211586;-34.945993837981305;1
u141;236.90828130038702;-11.802434369069582;1
v142;21.943726552344366;19.95425474733828;1
u143;157.25319552544204;20.979217573801776;1
v144;-50.144545239770736;-32.44341490872177;1
v145;-2.4477547157357975;2.6846709297083087;1
u146;170.77500827662223;-32.31330090806941;1
v147;-17.24483958895581;6.788984519105857;1
v148;6.120282782103801;9.035634089237753;1
u149;205.030683995504;34.632812396370596;1
v150;2.114748179625993;0.5744063622576957;1
v151;-1.9750512323408547;16.777773492212788;1
v152;-54.33596182670281;-43.49676321052274;1
u153;197.59016241278258;-24.710650285346237;1
u154;199.6288640806376;3.6988674432522877;1
v155;19.887338458445818;-32.558321472449364;1
v156;29.17818968375826;-14.29292332893071;1
u157;193.62537067496004;-16.54168897407318;1
v158;6.9081937178264665;59.06894822475986;1
v159;-55.06636749651818;-10.175423602654684;1
v160;-54.55689998763462;10.324702939587707;1
u161;216.5897489289262;-11.000870817582861;1
u162;195.90084085506297;-0.3953887062591315;1
v163;-47.4464511499779;-26.212014111657954;1
v164;-10.638299650800104;27.369217044376505;1
u165;207.66569314135361;-0.8770080181179934;1
u166;163.1453040528967;21.42824097262494;1
v167;13.940934877567196;46.25588382244567;1
v168;6.64957698882257;1.0004666497144687;1
v169;8.058680491211057;14.076279141057285;1
u170;185.92010525500606;-28.219423545808105;1
v171;-31.52966462872996;15.210056809899237;1
v172;10.19155210225374;-3.0295634075514952;1
u173;209.08167847162062;8.2428205341531;1
v174;-22.273060614802343;-3.7493581092039214;1
u175;217.6772870058351;17.49303194914153;1
v176;-21.638978860371118;-25.039530557635302;1
v177;84.29608183628339;9.015796660443595;1
v178;40.21586758701838;-13.864367404330759;1
u179;220.36614347980407;-49.959480783729624;1
v180;8.492311986932641;-38.157528464613534;1
v181;-3.1884757509185384;-4.693416632446136;1
u182;224.00867042671848;-1.8729036009665034;1
v183;-1.2378729826381178;-0.09239674369939689;1
v184;53.60968658126027;39.2397590775264;1
v185;-8.995278013957432;26.714147272063492;1
v186;-40.99096108896925;47.9690503390192;1
u187;178.52164693135467;-18.671014725324703;1
v188;4.2287825700553165;-9.784231398461502;1
v189;-29.28498571213622;32.40723281233253;1
v190;39.84560804012022;-31.27157004109384;1
u191;230.01823403693584;3.3736979473571744;1
u192;221.2448842199042;1.6063703977993573;1
v193;49.16151512201233;-59.8104708272641;1
v194;-10.570754936018348;12.604748603152364;1
v195;-16.600502933851697;11.675215452757081;1
v196;28.764061613171265;-2.231240647804663;1
v197;42.673586945064656;-40.50855012243787;1
u198;217.56788483813344;12.899866519149251;1
v199;87.80205215920812;79.32046806556478;1
u200;188.06813079262255;30.42913906154996;1
u201;175.77635775688574;-28.345608299642826;1
u202;166.2822391816269;47.83315035845812;1
v203;23.255480856548914;66.93587341158042;1
u204;154.78894645569665;-16.789371587108057;1
u205;207.48364531553128;2.5556871445272247;1
u206;221.61744517277444;-32.62419374102481;1
u207;255.14791428567048;-4.337419549010946;1
v208;-7.890598519681614;18.427689551961556;1
v209;-19.930353893931528;-1.6491693957787037;1
u210;118.32944701028933;39.94731213060252;1
v211;21.177969398754946;-11.190665200442963;1
v212;-3.359573933804326;-1.957601113196931;1
u213;201.02256364271926;5.563516862216848;1
v214;-10.302617913280113;63.442280875520666;1
v215;-3.68671404529424;71.44658789082777;1
u216;191.50486658208462;-15.085339259744911;1
u217;205.53995806287656;5.413981632649193;1
u218;232.62970988381574;8.72263183868383;1
u219;233.59196753425363;30.34166981242237;1
u220;200.86179197757744;-38.071258275917586;1
u221;209.71530886788466;-4.4048748790785375;1
u222;173.02168973427598;1.9914161765700829;1
u223;198.13460780006602;0.3114127543827324;1
v224;25.927033434900803;-15.316327549540722;1
v225;-33.80389948921339;-0.313708043710903;1
u226;206.12373687354435;74.31717394772177;1
u227;166.78309053497185;28.73140558888052;1
v228;-15.40589051944621;-97.22151556922461;1
v229;4.927754271199568;1.7506114354615894;1
u230;215.59698537351304;29.020924152494324;1
u231;200.9405291514208;15.557664161899872;1
u232;171.8910883268233;-9.17909750434404;1
u233;239.86035778933285;-54.66396784088862;1
u234;205.67020201886857;0.8473718811861956;1
u235;153.9850182612846;45.05797850072951;1
u236;232.09738384766166;23.362299367097844;1
v237;23.997873538662464;-11.00075429750024;1
v238;1.9873985516667836;6.061355954901648;1
u239;222.61692678575102;-86.80464604470585;1
v240;-11.552929518404651;-2.2064331775333073;1
u241;213.09669241917547;-31.977786980686005;1
u242;203.3845335551202;10.797421954987017;1
v243;-9.663921088835986;20.04574941353154;1
v244;20.079927379645024;-30.951653888060076;1
u245;175.42125779127855;22.513487207068465;1
u246;152.26685201368946;35.88058719460576;1
v247;-1.4069217271679133;-36.774038831050945;1
v248;-20.565849312235272;-16.34233975057279;1
u249;224.41961154829778;17.368523756647335;1