dep;-14.613107130205876;29.30546810406309;0
u1;242.5555510159603;-11.100415694254977;1
u2;101.05713143813153;72.56144949433687;1
v3;8.76045773183658;21.148848365763474;1
u4;207.94443372080326;-54.456113876145565;1
u5;268.9586429203807;12.977970223692939;1
v6;-9.341857953837883;13.863355464458616;1
u7;208.97663481493936;3.420763203788769;1
v8;3.001332774733991;18.45564275404967;1
v9;-53.52777820483502;-1.5822390966411937;1
u10;257.0147283125143;-29.4722439630996;1
v11;22.076879347865713;-12.21432535656457;1
v12;46.72518095917882;-17.661854830608497;1
v13;0.5076066143729231;0.01419708540182482;1
v14;-10.85737481509054;44.699127034631466;1
v15;21.197707669744617;105.00327700845052;1
v16;-41.24075619250472;-41.71420214214812;1
v17;26.092482253007528;-43.95404493719897;1
v18;-41.029434536503764;18.87988940756715;1
v19;50.86305245156622;-46.030436998198404;1
v20;-19.490694987386867;10.800854687602618;1
u21;194.79689596908244;-3.1702544865127518;1
v22;-9.979616291022241;-9.58547705585493;1
v23;-80.95397115769303;0.786098222289044;1
u24;101.83519045674504;22.919210873312654;1
v25;16.91936224227218;9.139463194438076;1
v26;-9.231643374840749;-25.383263634407005;1
u27;189.69715362430915;-5.7396157495230264;1
u28;194.46376586872756;-3.0092409293944016;1
u29;199.7992431826554;0.5267194891804592;1
v30;30.426900413791984;13.91439878693382;1
u31;150.37051047299474;-75.93156093482898;1
v32;-49.20388242414941;36.25194738473856;1
u33;205.77425126951175;15.016279776929595;1
u34;263.4468446949767;-14.358479358740492;1
u35;185.8458377569102;-57.70948426830318;1
v36;-12.419884146927513;-17.236893321803187;1
u37;228.66381944086052;-16.830556500447422;1
u38;323.1655221908429;-2.9747817436190926;1
v39;0.9095977159888249;-1.6787136825340954;1
u40;173.31251767399863;-2.1471852050607705;1
u41;235.83353624205023;51.52880370734656;1
u42;172.42912930934142;-4.503409876024694;1
v43;-8.484517372776676;-52.48734438293409;1
u44;170.8032663010264;6.901431411418535;1
u45;201.59829876557205;24.444349218844287;1
v46;2.1279198851809786;-25.315206321327636;1
u47;225.7838329247513;18.593263547405158;1
u48;197.6969893083076;-9.730889432296141;1
v49;43.85908239752675;11.389653876231504;1
u50;189.21361469452322;10.794523697007309;1
v51;-7.514894514308691;30.04089010904705;1
v52;48.45183269998443;-5.892223468211996;1
v53;-4.275923293851608;22.679525358403474;1
u54;197.15679219242347;28.42715280129656;1
v55;0.14837194975397336;-1.1553717283026181;1
v56;7.070502521558546;-6.463335583293725;1
v57;102.2555968528798;11.930756954308622;1
u58;303.91909336671523;46.85252690744168;1
v59;27.079315594074597;15.869222716933551;1
v60;7.839460986653032;-32.757611886184385;1
v61;5.609942154691228;-8.352852908030268;1
u62;101.75761671337554;84.2788681371386;1
u63;166.72916141536749;-46.95482540787508;1
u64;201.9513093496833;51.678740379575586;1
v65;20.63440489891395;-116.30361591318372;1
v66;4.821754138801674;2.768868793457345;1
u67;265.5769689952632;-39.97787171487057;1
u68;207.38507112572165;-39.97786121122084;1
v69;-45.219122621109655;-0.6857061309340085;1
u70;192.23371596080938;6.69947028157907;1
u71;181.31382649620764;0.08125129586597046;1
v72;-28.096195946449715;-55.72352539920684;1
u73;110.04085156756007;-19.168280492025485;1
v74;-81.56711268889899;-19.43987358998485;1
v75;-2.7097623180395667;1.2437879958398983;1
v76;-4.9101223661573865;2.479315510124182;1
u77;205.8499324250713;0.5773252337917139;1
v78;52.4806048785561;68.224187585125;1
v79;39.616325429458776;-27.78617435344591;1
v80;21.65759312105196;-25.946798121388714;1
u81;162.78885502685932;6.809840471577443;1
u82;262.7331457735995;18.636972490243295;1
v83;42.16948342263728;10.718889570712872;1
v84;-10.31757306844638;21.52117767519066;1
v85;13.256805774979874;68.48542028136598;1
v86;-32.18062375641687;33.081412696332954;1
v87;-40.34673412480145;-55.96157659423069;1
u88;258.09390574374976;32.07073332696674;1
u89;229.37742281832485;8.026997579504952;1
v90;1.1210108644607595;-6.836313256901131;1
v91;-50.79386246397018;15.852094485126589;1
u92;189.03524667302202;26.551603945055874;1
v93;-20.62138132811781;40.004715758204554;1
u94;154.89690598468337;42.70467548728015;1
v95;2.151053916128745;-25.828282491464332;1
v96;-2.4333946844172907;-18.89088198720564;1
v97;-42.519778993632464;54.09219957034987;1
u98;177.21062678649037;48.00815101705851;1
u99;206.15793460991054;6.884281755361059;1
v100;-2.447393751595613;26.1380264748904;1
v101;47.40914107481037;-26.81300512302253;1
u102;150.32685104967084;66.13101904045911;1
u103;199.51105241265378;-0.14375626858034712;1
u104;193.79029750252067;14.473842376697776;1
u105;192.65805575365528;6.69415134787712;1
v106;52.39012490777994;18.36610850826001;1
v107;3.7370254051348426;-2.458647019571892;1
u108;296.83827392993396;-2.4128591995154416;1
u109;219.58124569514467;-39.684850275237466;1
u110;227.0486190780345;35.381962487955285;1
u111;155.96053416607216;-39.683365661964764;1
u112;260.43008377771775;-12.322342816516663;1
u113;139.53469823755324;-57.01673961652445;1
u114;180.65636588461575;-6.779418191239566;1
v115;9.35977901466069;4.838478155678756;1
v116;28.686679229948847;16.552326915522993;1
u117;210.14982652748043;64.05378220326413;1
v118;39.040845596497384;-23.327265529592097;1
v119;-7.187150185080262;-0.07126963120790795;1
u120;208.19639411431558;10.434810759905002;1
u121;197.90000824135114;-2.0773844406093676;1
u122;189.44110377621934;40.657330360750244;1
v123;-36.34369025267654;55.78226469153474;1
u124;200.38226944206187;3.781549304199842;1
u125;199.88156271941946;0.06384507842789332;1
v126;-76.22578504195592;56.0559955699206;1
u127;273.9519584215981;-16.6449405147421;1
v128;2.6147668997354296;14.447428454272407;1
v129;123.4182192348677;-1.8274196813618877;1
u130;220.96839765084252;-10.01726461766505;1
v131;10.204254549908784;27.082365434070134;1
v132;3.2276412165136925;-63.78927977961968;1
v133;8.14387719253092;38.8806830072556;1
v134;34.28621060381471;17.33835904130711;1
u135;213.0580938789658;0.134324789994296;1
v136;-1.7362867232987682;-10.632804811221607;1
v137;57.10639840370391;16.691769320258015;1
u138;195.9481457505197;57.28765201982946;1
v139;12.643747200427638;-9.006810316922927;1
v140;-31.699623304137003;-75.25702618704781;1
v141;6.770830891856704;4.733433901449676;1
u142;209.4189297860025;7.839765554569989;1
u143;210.34446526685156;-48.6090160172845;1
v144;7.599327772319013;-62.11190525721523;1
u145;178.38351289482225;16.351580133260832;1
v146;-4.035424567315531;9.027412372957727;1
v147;-29.21514002601836;-46.79474329458107;1
v148;65.94637515909326;-34.473728309822874;1
v149;-25.645464875285324;-23.61746909417891;1
u150;180.03329134992364;-58.99796377188827;1
u151;157.9049093686734;26.33375784321779;1
v152;53.337964339364774;12.81633925871355;1
v153;-8.937209106190592;1.487852285142942;1
v154;17.928792188330572;-101.05252496062495;1
v155;10.616626563632945;20.978478757542298;1
v156;-9.16391070989544;41.500712693852;1
v157;52.361647229846916;-2.953117359745463;1
u158;139.2633648076218;-20.796183874177963;1
u159;205.28315996247554;-3.2253587393207845;1
u160;191.0984018639248;16.808002850487792;1
u161;219.3897473333624;81.95070815289864;1
v162;-1.0283553006671644;-11.160017322642803;1
v163;0.11063433127823705;38.250868484892735;1
v164;4.085535516143968;13.764845577623845;1
u165;166.36273974536567;-34.140204433062195;1
v166;-16.46458967395229;31.099221716057354;1
v167;38.159851662151546;51.05659041678629;1
u168;215.72920091699262;19.012833467823526;1
u169;225.35851912796613;8.13406065218603;1
u170;152.01165975898834;-8.491638861980304;1
u171;202.25713591524692;1.4367200759446705;1
u172;184.02592871403522;28.70338119471715;1
v173;10.26123198679219;9.889990418255445;1
v174;-6.1047081249383846;118.54453453921172;1
v175;87.64919459839084;2.6874496854401415;1
v176;64.60389197658542;-56.53860752413597;1
v177;-50.739957741018486;29.833097979940902;1
v178;16.71981065797594;22.28674782861552;1
v179;32.796955391408076;-11.425302147576954;1
u180;279.69013005420965;-15.409552822317858;1
u181;199.394773189531;0.021914203475384062;1
u182;198.5057882214022;52.46320689881841;1
v183;4.445093993351739;22.381004528906;1
v184;4.921299559528132;-7.517934504646464;1
v185;44.844641312648136;-22.067831331527643;1
u186;242.62161897699463;-18.39232451693798;1
u187;197.08194103552765;20.05603277042954;1
v188;0.30968918862497025;4.041377887193664;1
v189;47.78051009592387;19.273096517411854;1
u190;224.89330157445187;-17.711140947283198;1
v191;85.83064541016978;20.441145336028367;1
v192;6.418435535710471;-0.4794063205375541;1
v193;81.69347421019587;-48.176381051653024;1
u194;175.19982285625184;-16.491833513302005;1
u195;277.36856903961836;-75.70893328209243;1
u196;168.14057218387703;-2.8170441780747524;1
u197;223.42114675242658;11.800703809588567;1
u198;227.537925349623;-49.53986232782352;1
v199;16.55693427041067;-24.37234232513047;1
u200;199.9026559738489;-0.07137411570975283;1
v201;40.390201705892856;44.8076650482396;1
v202;35.47596785344957;31.541300240023233;1
u203;262.02675675988434;1.5940833315101428;1
u204;204.04890814072667;-28.183626879659897;1
v205;-37.51315419434478;-35.82511399190279;1
u206;142.7377377791479;-19.455466748604803;1
u207;225.2758788990963;-11.547167799484146;1
u208;192.80528144959874;-33.80169107375468;1
v209;36.81522057731164;81.69132164089562;1
u210;171.46194959619652;9.603435415095623;1
v211;-51.894978467409786;-0.4021192858458472;1
u212;275.2597414775869;55.157433671468965;1
v213;-17.875314277373402;-5.5661380017750615;1
u214;76.50565790466834;-6.284867379594283;1
u215;208.24123942269867;6.450053534120385;1
v216;-11.728902265643155;5.505061889996742;1
v217;-19.93001844398093;-36.69378634339947;1
v218;-45.641092799244284;8.110163115280114;1
v219;-37.518459627408554;10.305820329617765;1
u220;201.6719916073416;2.817379382573934;1
u221;183.5827964035086;19.08802378295717;1
v222;-49.77441201551779;36.32010071476717;1
v223;22.360941734059686;108.3356144379358;1
u224;113.65537187060983;-76.5248678832356;1
u225;216.7293524037887;24.168633565471577;1
v226;-0.5303091385774646;-1.092059297753956;1
v227;33.536302748745534;11.551301503902291;1
v228;9.366302990537035;53.685547629358545;1
u229;221.52254689102415;54.72932354492405;1
u230;146.4895365270201;-37.4409667116248;1
v231;-6.274039174548983;3.5950024650282795;1
u232;241.50151090326864;51.78494532310523;1
v233;9.435439333374056;3.3007512155708936;1
u234;243.87591532176825;-2.98183683968328;1
u235;230.68239835819048;14.736281129474953;1
v236;18.565944740780562;-36.41992666240457;1
u237;223.7306252114812;2.8263472733975328;1
u238;204.05857705439578;-21.230624530199556;1
u239;200.44314180634117;-30.566799974207736;1
u240;305.2905296996188;-4.02277852468995;1
v241;3.982968725119795;6.473601183260315;1
v242;25.89670714960383;21.573717100118348;1
u243;195.93523467896293;-12.900346236723973;1
u244;173.42527979491223;-14.80169845332507;1
v245;-53.648873532327826;63.33055958794233;1
u246;222.44698729687235;48.233132295224166;1
u247;234.94480125214363;-36.75911886281018;1
v248;-2.9400306280562356;-44.199614189161544;1
u249;166.27488580993963;-51.66890788288878;1