dep;-30.283532784559622;-14.187145378535934;0
u1;197.1829334672586;6.613167118621406;1
v2;18.76390496146336;9.660481555746944;1
v3;-5.581694717719547;41.48014779751271;1
u4;201.12737920221844;9.854464805027554;1
u5;164.34604607430273;-84.66520272857257;1
v6;-4.040598810243586;-18.175344665886914;1
v7;81.20800662709937;-31.753239421502013;1
u8;188.04424075786213;-6.2085416004969485;1
u9;238.24274717937078;1.1506249690230697;1
v10;-48.12485347232873;5.4791260803365125;1
u11;201.31936674175262;-9.199604113816262;1
u12;162.25664795832688;58.286365015722126;1
v13;-11.06420003799715;53.327334933148435;1
u14;247.3718150144553;18.77638083052083;1
u15;158.59517978258233;-26.900050501245133;1
u16;261.2115705103637;64.74974469188484;1
u17;191.49112970947837;60.902339482123516;1
v18;2.9380830780617115;1.966257793213118;1
v19;-42.40124419298301;11.13081940883976;1
u20;223.69761199738682;18.382667617198788;1
v21;-73.9911536860743;-44.24051517537679;1
v22;1.7701827875154077;-113.7296557384507;1
u23;296.0161811605074;-48.67061142406196;1
v24;-11.737363481354318;20.54986777661588;1
v25;13.457241019616651;6.408249991962523;1
v26;-27.637738877288843;-34.09388595290355;1
u27;230.96764249738052;-19.07213574721478;1
u28;178.41670758150124;-50.580416608892385;1
v29;74.57836099664102;24.331016513709685;1
u30;304.77282749806653;7.396610139022168;1
u31;217.4870275352611;6.191914329302333;1
v32;0.7427963753856764;-34.79227184048465;1
v33;35.3124790265014;81.33171247838874;1
u34;230.02038329826098;35.643991147935516;1
u35;249.6785301381597;20.163218118402146;1
u36;223.65859126449303;-8.053315607672953;1
u37;221.84838372507642;10.363544293036346;1
u38;351.2759751183347;-148.887949563596;1
v39;-31.93318064115339;7.96655045364148;1
v40;-18.17610636242203;-0.7016183255943516;1
u41;215.76784866615674;-11.379847165685833;1
v42;12.905077852578506;6.80164172987136;1
u43;284.58351903864406;-2.7364953296617416;1
v44;5.322250886313912;-38.728474545988355;1
u45;218.75967633710826;15.313880771476859;1
v46;-11.024797423830723;-8.541221779479478;1
v47;-1.4325500714512347;6.832590654899388;1
v48;62.56218726778999;-25.275899127729943;1
v49;-6.535273353947611;-19.295402976118098;1
v50;-2.1453174106783437;4.76035127200836;1
v51;-15.65699301759437;45.697365650862096;1
v52;19.281149873569408;15.286249671932033;1
u53;257.46950062807633;7.449151557957382;1
v54;-22.238466020348795;63.02995511795719;1
v55;-17.026560210337255;50.853392506077235;1
u56;132.95678978455027;8.861982323773999;1
u57;146.4103733816596;-65.28228632631104;1
u58;177.2565947167903;-3.234947696869014;1
v59;-34.402999279855976;-91.58011332494684;1
u60;176.32511424719934;-46.833548980932896;1
u61;200.00336145821072;-20.489042253745794;1
v62;-14.994249479307914;0.6554950813633803;1
u63;145.7395375875603;-17.3265338806557;1
u64;163.85463159551094;-34.20222570168701;1
u65;191.20222693864966;-78.5052032091224;1
u66;199.34358741457103;11.07588983247279;1
u67;249.10478900196318;-42.155450251755965;1
u68;149.69817994805717;-2.7554872749462893;1
v69;-1.5153954078977105;-14.876667575800177;1
v70;-24.38792296654228;89.62515945250325;1
v71;-0.4981931665746095;-0.40390598777935116;1
u72;158.11033232070506;2.09201712487292;1
v73;44.90080728544253;74.3599607740509;1
u74;204.3055448784048;-36.758896953893775;1
v75;-3.1559579191660223;-0.16284923308343618;1
u76;214.9250986415507;13.940436417739177;1
u77;291.5979456072672;63.42544760342221;1
u78;177.88363295302082;-18.103968747316408;1
v79;11.248309705218995;-30.4656952963248;1
v80;-66.96105617886673;-40.75627425692524;1
u81;120.88378273683566;-26.765688173482218;1
v82;35.3151495126623;29.582420144759844;1
v83;4.5675671837272205;-20.41339491848892;1
u84;181.85429428699123;49.85792718065306;1
v85;1.1061698546461336;-2.6884470716993487;1
v86;22.055435174691464;-2.899833624306886;1
u87;209.24146913475724;-28.98327195531255;1
v88;-4.2973860358992715;-26.840285151694047;1
v89;-22.981568644121666;3.4689729981913366;1
v90;-0.6311407737932005;0.2981119011943313;1
u91;190.00886143956927;7.443510246893059;1
u92;225.19196348401064;11.364781639485695;1
v93;-23.410620048405967;2.305817078956926;1
v94;1.1489424154485013;-0.29556179730483656;1
u95;200.66371707881333;2.0622867264721787;1
u96;213.5799753741934;6.040428940658179;1
v97;27.034007566543206;-22.52282633914815;1
v98;22.73345938033839;17.444176323884648;1
v99;-9.123944039954921;-24.739098020314962;1
v100;-2.7203952760678676;1.3316488070095869;1
u101;201.52178546428115;-24.455538248227498;1
u102;223.47803830787066;8.524832241398022;1
u103;192.27246309884237;-11.426914166451153;1
v104;-64.88631074576304;-15.550444429273393;1
v105;-0.21955543197122349;2.897474077152326;1
u106;129.5184446154207;-65.61691567865326;1
u107;234.66727717140145;-7.522006093645717;1
u108;150.44018785200223;48.78443992531591;1
v109;-66.254246612489;26.17395213148501;1
u110;225.71006255227394;-6.2456807741853275;1
u111;218.18221415199318;-17.365261783126556;1
v112;50.46228629025654;22.754433856014394;1
u113;189.49175248076415;4.436292076380564;1
v114;2.818248167730572;3.165293126756588;1
u115;229.8408254032057;-20.01034711005532;1
v116;13.220076275400466;13.484634956492997;1
u117;223.32364886526582;-16.994337178564965;1
v118;-1.64203886274135;34.76859411490871;1
u119;163.3728880896574;-74.65405363996796;1
v120;45.83961743605453;-5.236764428419086;1
u121;232.85881126639697;-7.764261540210078;1
u122;204.57564630560515;-13.02281976358759;1
u123;215.1278857609955;-2.013312358627792;1
v124;5.686999999682875;38.149408018694764;1
u125;128.3259539831417;-54.32218653906832;1
u126;176.09627365400485;-1.0183673142548357;1
u127;194.1706768644988;-7.284254057622749;1
u128;196.8087910938705;0.6753146338030651;1
u129;178.72969768375347;-23.020204075308797;1
u130;239.84778065144906;-49.284517986411934;1
u131;238.92796682999773;-32.72461799400642;1
u132;180.64348073988478;-44.05152374749768;1
u133;204.31571785753775;9.91521785631273;1
u134;213.7197785409463;-17.42962605346241;1
u135;177.6770764806295;10.890058815941478;1
v136;-56.643304057830626;15.590041342422195;1
v137;-4.180069246662763;-4.094901504239386;1
v138;6.1547023227855435;9.441647470549045;1
v139;-8.125837061663676;23.474642649240128;1
u140;228.69170979719914;68.0699963392138;1
u141;202.37163157585238;5.615648735582363;1
v142;1.7553623684531088;1.631370024293798;1
v143;-14.638425821824214;2.6354043604019055;1
v144;54.784037836963584;10.790294933195122;1
u145;159.4084982012582;-88.45222813635337;1
u146;211.15605703587013;10.378201355802894;1
u147;209.476160165136;-23.07004201170029;1
u148;251.87767392648325;24.72952901287502;1
u149;235.76122379992228;-87.14453101839047;1
u150;199.98174847083115;-0.10987165982964833;1
u151;180.0155928302105;-2.7488253536386145;1
u152;177.86382724748103;22.971152913013515;1
u153;202.9933902632259;27.71850871023206;1
u154;193.84719284087754;10.85011545733137;1
u155;202.48057843724055;3.7978542439553933;1
v156;-25.141091429005996;28.62856374796398;1
u157;183.82897129328148;-9.055473699070214;1
v158;3.451207946388678;58.841937294411174;1
v159;-6.062663318332242;-4.68068769695659;1
v160;-18.535963613231793;6.2275703342254705;1
v161;4.607252718243712;-2.223674366025177;1
v162;2.514655751918367;0.4482978235590991;1
v163;-36.02320029179097;-55.75120041436725;1
v164;-45.601442312492004;9.757061739798711;1
v165;58.150368802210984;-47.12909693022713;1
u166;244.61326629768357;-31.19658701627672;1
v167;-32.95073294399853;39.70291556301307;1
v168;-6.600911956775757;22.905669560206647;1
u169;212.29645977792546;25.706303729905603;1
u170;134.2054013423993;46.116190936224044;1
v171;69.42329628851436;38.932845331856626;1
u172;269.1154237419275;-36.64342604577509;1
v173;-26.11254894673262;-26.671268868427227;1
v174;-3.622314994370003;-3.1298769580281154;1
u175;222.17275196433062;-3.05407596207351;1
u176;87.43729086145419;-66.67608150857994;1
u177;200.63084881653842;1.8660224740903026;1
v178;17.283792063804633;9.676449852059305;1
v179;16.26700819992478;8.91914407209821;1
u180;213.33205678880003;38.73262998344396;1
v181;-3.4338920250012266;8.118837561109862;1
u182;210.7761214368892;14.263560643852985;1
v183;17.064171769872612;33.993616317491025;1
v184;-20.2553938006285;-9.779839796606874;1
v185;-66.92661834827109;-21.117198104037012;1
u186;221.21210692511255;-91.44568807340427;1
v187;45.2950437701779;42.3340424323644;1
v188;-8.600389493650763;6.455467756441415;1
v189;-12.318251104000225;5.962787860268867;1
v190;23.314762617038703;-34.19903219808452;1
u191;146.87014818946426;99.39684613965002;1
u192;183.5383899686749;6.131921098998058;1
v193;14.078404981398876;-23.24348767770572;1
v194;-40.49066685228882;32.50282681485908;1
v195;-9.129359414013404;0.5499704382293408;1
u196;233.7420995329326;-21.406989355189708;1
u197;212.26597836754766;-48.13071857110559;1
v198;-15.202512456395663;13.293208756789225;1
v199;42.915336513689375;21.79781702197768;1
u200;246.04403504721967;-18.04580982118348;1
u201;195.18141683037177;-5.849400073750363;1
v202;103.83736275816945;-15.000780737789258;1
v203;35.793381332786666;-52.77608525685117;1
v204;-2.781771862936257;82.2649805397974;1
v205;-6.623999946446136;-16.07743039427999;1
u206;197.14577546678498;6.2932503600337295;1
u207;188.61709626753466;-81.15008232190631;1
v208;-18.088242951960336;7.016422131997674;1
v209;94.3516459345285;34.07901302867984;1
u210;246.52204474838652;-58.69652332339521;1
v211;-13.215814776607989;12.556769600723083;1
u212;158.75637004526317;22.400546666801713;1
v213;-58.708995246973565;15.754884884157963;1
u214;210.98792779485203;3.0655048382055576;1
v215;-6.61486561461949;-17.669476937828996;1
u216;197.66685557780443;-4.55087246933633;1
u217;193.29900385129557;-11.147545320640235;1
v218;33.63352513194883;29.285909059549038;1
v219;45.71572239256324;15.289978897845948;1
v220;-16.013785886726502;47.50834368284694;1
u221;183.59454007409292;-55.175353350655115;1
v222;-36.76457104089581;9.489424019133677;1
v223;40.40762155268564;30.183114421403285;1
u224;163.74691244549766;71.82324225515617;1
u225;159.779653023842;-38.572985598816466;1
u226;176.07403348306812;-16.376654240178468;1
v227;-22.646435971906783;-82.30890488973412;1
v228;-0.2852340677032602;13.540643222756943;1
u229;198.05563588177205;-91.4197119386783;1
v230;19.727366431567336;-1.695425950311599;1
u231;186.43016101576424;0.857907298455737;1
u232;250.4954932536484;-56.02997929165035;1
u233;232.5963441092307;0.8385385120649774;1
u234;164.97586025296084;-1.137424985187605;1
v235;19.590558801013007;-8.173312268510331;1
u236;149.86280013544237;-12.803034104673975;1
u237;199.11503144624672;11.545877565733944;1
v238;75.69339524817616;-83.56395816748656;1
u239;263.6764499525893;73.40880671278842;1
u240;164.91112063325096;-15.193234729607275;1
u241;226.52023370301436;-7.75877956681182;1
u242;287.1420258977534;-23.155332831661703;1
u243;195.56291609808682;-32.422019742346286;1
u244;196.229957446157;-1.6828435773794497;1
u245;219.86726793671932;23.485526791768535;1
v246;-56.19485899370006;-28.530876781622936;1
v247;9.78591696833933;-0.2876687923464475;1
u248;271.65972764869963;-8.280638795749034;1
v249;9.674082063717323;27.10986360313315;1