dep;32.860924175697406;-27.118754727973776;0
u1;198.450890238416;-24.22910754397164;1
u2;190.03803742310225;4.215856973471322;1
u3;236.41502141409683;23.24933492575866;1
v4;-36.780757307926926;38.908217288204064;1
u5;173.65652715156955;26.372343290179302;1
u6;216.94007369362055;66.39595571356136;1
u7;200.6626240694085;21.18850389936326;1
v8;-53.05250470060519;-24.93417217430324;1
u9;182.8207666056537;12.267992021153008;1
v10;5.6579366151961175;-2.4241570499444727;1
v11;18.433924948215665;-25.782108325327265;1
v12;13.575538079600133;-31.007547038071202;1
u13;272.16122364869665;12.793368084791544;1
u14;162.41177323282335;-40.825314382624306;1
v15;12.998303988745546;5.426401061394286;1
u16;192.4430627818588;14.095276992060295;1
u17;140.6193067723541;10.306692719939887;1
u18;185.78772688487226;0.3214348899682185;1
v19;25.813105628622036;-43.580549158194614;1
u20;238.20002706480136;35.43683865184076;1
u21;167.78377825033422;-36.67723472504079;1
u22;178.82711862024968;-10.708882108068263;1
u23;128.71492863734335;12.934809622654488;1
u24;154.6286968738371;28.951525382840302;1
u25;223.5422695438611;-7.79153906319628;1
u26;236.320156865483;14.886676624519692;1
u27;194.28191281394683;18.430619923102586;1
v28;10.487280535798794;-22.930394268399233;1
u29;239.39156445831478;-12.068065604433654;1
u30;163.717735930345;0.03330835979253041;1
v31;-0.4912065315361301;-7.23621578295575;1
u32;216.45995165019613;-43.08448512303989;1
u33;230.8361513411676;24.846392295319085;1
v34;-33.25605349433485;5.698336112488205;1
v35;8.571432572665442;18.517314636552463;1
v36;-14.783758571677442;-7.286348666209849;1
u37;277.8774498882476;-25.501318100036553;1
u38;194.5173961413554;5.245018899114344;1
v39;-1.439043996144732;-4.699313796370251;1
v40;28.537176417167046;-68.06912449291752;1
u41;127.60359346111953;18.64323902110368;1
v42;-0.8904359921773825;-3.487654532682482;1
v43;16.252266643996577;4.228283856825783;1
u44;251.32660776284317;-22.551095678886185;1
u45;202.86514063588123;-11.12974580641634;1
u46;152.56689726087586;-31.916513612634237;1
u47;198.09902297425393;-78.2756090700981;1
u48;187.85523214005764;25.011834140649825;1
u49;195.32012052779413;39.38111097341981;1