dep;15.865943722650458;23.210952786294595;0
u1;204.55265302440122;22.766971953704964;1
u2;200.58345462165101;-19.322443370784534;1
u3;232.31020830903316;72.91808315993035;1
u4;247.3103324238416;-4.983412280480524;1
u5;211.27928020461695;-20.763112987350645;1
u6;302.45057926679556;-10.632722714054898;1
v7;77.52384536946457;44.49681305067923;1
u8;170.51720282078787;29.90977501106489;1
v9;17.979790881361055;76.49602397656018;1
v10;-15.890054288590695;-29.91535194349505;1
v11;-3.0487237994204937;-3.007722159738312;1
v12;53.969091322478974;-20.706416681860826;1
v13;34.58506240140857;-17.792243616952643;1
u14;229.9992890429131;0.6304960688281663;1
u15;199.69347838775286;5.579583822331086;1
u16;195.81402355405615;7.120362318864008;1
v17;66.65216904288843;39.318123952023576;1
v18;44.37232112731535;-73.4391488447807;1
v19;8.585011162636606;-52.973912180854114;1
u20;267.83231720453443;-1.715750568388907;1
u21;204.1557809149852;1.069952285392931;1
u22;219.13668825358099;-18.064009515102573;1
v23;-63.29789025766;31.631792886622883;1
v24;-22.789168560757048;-49.53517915302678;1
v25;-51.99498866887255;-12.715290272492474;1
u26;199.71764376874413;-2.6654228834283327;1
v27;26.634202976706117;-36.40855105036731;1
v28;-38.305193446107445;-10.359357697589576;1
v29;-16.513217989444232;53.5233688490361;1
v30;4.293396275136548;14.025572337495115;1
u31;176.86251581687821;-23.89062553515168;1
u32;249.55669364235692;12.33217178971492;1
v33;-0.28920778447365875;0.25057498650553156;1
v34;20.84793921353398;70.48566780297067;1
u35;150.06859551640702;-43.771493183541544;1
u36;175.77515097376968;42.98706653119416;1
v37;-0.38276358271303584;20.483031907386763;1
u38;284.09408938168974;-113.51222255422515;1
u39;211.15299155297353;45.839950632869275;1
u40;246.889795404768;33.337248322349005;1
u41;198.99357302278943;-4.251535037832072;1
u42;208.87575310574994;-2.912898949373026;1
u43;223.92227517961942;-45.89246297885384;1
v44;-1.949261624874632;-14.445136101734425;1
v45;-17.25333537016393;23.0396777232899;1
v46;-3.4852771715326374;29.602920988274775;1
v47;0.20495305055921706;-1.5830969677336415;1
v48;-14.664797778592071;-22.27167219800577;1
u49;195.68971591490234;9.046515593726678;1
u50;165.83153846020434;14.38841307448912;1
u51;230.03870646134416;-47.45987004473184;1
u52;243.13872432434118;79.195676442325;1
v53;-1.3668856594593353;65.50444745688328;1
u54;185.95425400090963;3.40437257141428;1
u55;198.27717174896202;12.120934873764856;1
v56;0.022049184945750047;0.08119805465285784;1
v57;7.891883252110952;-8.880590382281003;1
v58;86.87565197228926;10.165719131807698;1
v59;-1.6501341146658333;2.3454832016431935;1
v60;-24.67603702422712;-4.8177893145580315;1
v61;56.92407799816138;-114.66254986393947;1
u62;231.6455679241247;77.54542627634841;1
u63;205.01639207163967;-3.1535167794291694;1
v64;-4.287906026113757;1.6700051260662148;1
v65;14.860466355980108;-22.33302518319455;1
v66;-49.871319091078085;40.32866696226796;1
v67;18.173043127787174;7.7583304653345495;1
u68;182.2731559485694;31.312857062712954;1
u69;124.97883249957087;-30.554614335901107;1
v70;1.4923134233377602;3.8971131891409896;1
v71;-22.101327265053456;34.53042047131153;1
u72;173.62259610645427;10.11766543809732;1
u73;203.10891188482915;-0.9423876593406046;1
u74;172.26264661204632;11.021396743226964;1
v75;59.41142059712314;-23.41796183769437;1
u76;84.678173939594;-25.051665398469844;1
v77;-5.038504417651851;-8.313874423896186;1
v78;17.944822548644872;2.9405409129541575;1
u79;158.35144721304542;-6.088014810986083;1
v80;-4.284338497138157;24.67905543686329;1
v81;33.56056546780082;-9.063124426961473;1
v82;28.4536501946301;34.198503354990805;1
u83;210.303324486203;20.358705581501294;1
u84;215.06406587192038;13.36373634842854;1
v85;-16.817739356869932;2.9928474716027624;1
v86;7.667807425418367;3.692034351928708;1
u87;183.2128725220867;-6.03885595781468;1
v88;58.34427532926465;-2.393048478385418;1
v89;-70.85028366231195;-26.250977199385552;1
u90;318.9066894438433;-8.08833983504344;1
u91;285.0743625390668;33.7429444336431;1
v92;62.14638201999318;-3.5877768565264385;1
u93;134.47015128874114;-16.63381002204282;1
u94;243.09765200395222;51.15743776086316;1
u95;208.82486378612234;-3.488923509312211;1
v96;63.00079967686385;-31.22234608489608;1
u97;210.61626830126798;-9.830030896132895;1
u98;253.28396685488661;-54.13612633839233;1
u99;223.11563458346237;8.41308019901627;1