dep;3.7547980595579333;11.869316008341546;0
u1;201.94877624602574;-5.069828186424933;1
v2;2.044010745371477;4.346779901374967;1
u3;172.0550051874809;31.963319074220976;1
v4;10.491541572621639;16.32074178107282;1
u5;233.7472208030495;-47.85859196385849;1
u6;230.19774934745695;6.726282912583712;1
u7;258.14772154496717;-104.30736219095382;1
v8;34.45317581516526;-22.070758079572762;1
u9;211.08213041394606;3.9704412880088404;1
v10;-36.58940515510959;-55.678386765591156;1
u11;107.60897179416055;-10.852102735263067;1
u12;233.1932233256407;6.083604243601262;1
v13;7.547661984607303;-25.033670422769053;1
u14;230.87660127841687;21.74687420456036;1
u15;230.6559313306115;-23.685930715092532;1
v16;-2.3873947597026435;-3.0929867175875545;1
u17;210.62222499821945;-9.161894800163944;1
v18;3.269371808089616;-5.121593487073998;1
v19;1.4640885700445314;5.623275183951715;1
v20;-23.79323713061151;16.465359482046246;1
v21;-15.143663702755083;-30.970507074408822;1
u22;111.21347308640127;-22.237490031726477;1
u23;326.13789104660754;20.0504067095011;1
v24;-0.32210376700848026;-4.0333794128173075;1
v25;22.15835414750133;-21.407247778055964;1
u26;212.72610241985336;-36.711677348167186;1
v27;16.17408578059633;-42.643810932396704;1
u28;197.52705473783422;43.93346507889029;1
u29;233.32256542384275;-60.353936421816904;1
u30;196.2289879961649;-3.804115667649392;1
u31;207.25776682261943;-90.74372820197617;1
u32;236.90120705611267;-33.70601514590992;1
u33;240.99533420976832;-40.919957376333755;1
v34;-23.7891637645978;-41.52675784692979;1
v35;-35.22928541780337;-10.40313748537107;1
v36;-5.122196325288427;-50.67787131451236;1
v37;13.49459629145636;26.268471502505683;1
v38;18.917025923317688;5.048859808760409;1
u39;208.25244979109755;58.705854630758104;1
v40;20.63841889413969;1.2655560547024258;1
v41;-10.694803542430256;32.25302870146898;1
u42;211.50126733155335;0.470348702657875;1
u43;207.1185130740128;17.828310173702103;1
u44;189.8335421372834;-10.594619137383697;1
u45;193.2894671061039;4.524850503070072;1
u46;200.7123730095868;-25.682576855639137;1
u47;219.63263450696644;-49.719551109991876;1
v48;3.9779666936492144;-6.504429551976812;1
u49;216.2146130370956;-0.3235935771609934;1
v50;5.044323818793405;3.3935783022726396;1
v51;-26.637629602864283;-30.468517201300354;1
v52;-75.09417132866614;-13.392513710683797;1
v53;-12.384815472349993;4.781157738510406;1
v54;-15.648221596710783;12.204508691556146;1
u55;247.35998461720797;18.22811137991574;1
v56;-43.564850568615945;38.52309139593914;1
u57;211.6553137351617;-5.439396999323199;1
u58;145.03922197163632;47.86829958567827;1
u59;288.65858092263613;-51.9698254346943;1
u60;214.84582700422783;8.165557493786686;1
u61;207.06673895108491;-5.946910627086763;1
u62;212.79009781548604;3.382174529604505;1
u63;157.83252777967692;-29.887221790914232;1
v64;25.57542391249646;-1.313871172156959;1
u65;214.61982600078971;5.2098199794929165;1
v66;17.182485986773514;-57.00471429237846;1
v67;32.99747693718689;12.524599086400054;1
u68;163.49060053928162;23.42374241860663;1
u69;331.5818661705342;-33.07579829345327;1
v70;12.859852425865801;-21.039152912829834;1
u71;223.87577259891083;-23.713595644434754;1
u72;208.1103739481082;-0.3459546880995674;1
u73;199.3215958262524;0.7877886893083742;1
u74;197.50294453091738;8.157055593610853;1
u75;182.33889662679957;-36.100825354763224;1
v76;73.9644535902652;-0.1449914250155335;1
v77;-54.589669440255285;25.161993163809782;1
u78;192.55329096976237;-57.147825447393274;1
v79;1.606731958602995;39.76002261137723;1
v80;61.5418966022773;-107.67172215832781;1
v81;-60.69035053016576;-55.311277874664746;1
v82;-31.74385242559607;8.495047845524544;1
v83;7.319111979182623;1.4841720893800674;1
u84;209.50385094586738;0.79042191419731;1
u85;221.09639842276187;6.334379573628137;1
u86;156.729820058156;62.533595408036255;1
u87;183.58271494990527;12.770289340338289;1
u88;182.94027391281494;40.81091214539017;1
v89;51.40143557185535;-25.26362280543593;1
v90;-2.966244365287007;-43.38692088773597;1
u91;185.6090541550939;9.935223570220963;1
v92;-1.5872983036940875;89.55196770726977;1
v93;-4.913521217206368;13.139837000051063;1
u94;189.57262647072145;-37.171203541422216;1
u95;199.1723569677786;-22.96646554164075;1
u96;263.5918738747415;-118.84856577823697;1
u97;78.6284201678596;12.623965737896802;1
v98;-0.5522701085813507;4.561374364749576;1
v99;-53.767494767579365;1.2438732747748171;1
v100;18.56216173099257;20.54860623969238;1
v101;15.107272169559506;6.806436466761564;1
u102;161.23592602851568;38.302383518171915;1
u103;215.28549992566013;-14.411454787715067;1
u104;212.5522474310594;32.21147999900642;1
u105;199.77670888014853;0.032805188783355387;1
v106;46.440981837983514;-40.88011841524946;1
u107;247.4383339098024;-39.678927964533635;1
u108;170.96071382415028;-26.83321064697046;1
v109;-1.9286173595911706;51.73578859422528;1
u110;189.7888998204758;-54.999309018066604;1
u111;201.48328565795944;111.89438377726005;1
v112;10.97858400252151;75.19352537030286;1
v113;-27.560279836061365;-22.409244685778923;1
v114;-0.7659760521772572;6.519677029483272;1
u115;214.40080723244202;-14.459034968628515;1
v116;-5.068140708423951;-27.30770715239211;1
v117;15.76057681479156;18.486753998384536;1
v118;-43.364723317012405;43.150146835716946;1
u119;143.2530155262805;47.06116147043967;1
u120;251.37921022155157;2.074893576529162;1
u121;226.11185914993757;12.326900593197198;1
v122;19.11386176497826;-38.7717817285261;1
u123;211.15905877704202;29.526305061229642;1
u124;184.58583630004966;-14.885469009285869;1
v125;86.60589702051875;-31.88365496706408;1
v126;91.73942781892053;-25.660270026862054;1
u127;151.72596039621632;-45.049106711638096;1
v128;54.98046655212101;-41.77740642247753;1
v129;-37.45861516258023;48.46177945856684;1
u130;208.8797868929718;-10.93113038838033;1
u131;237.99950131432968;-34.904278677889934;1
v132;-10.42568383858001;-10.444891895953152;1
v133;42.944597776348935;24.73520927455716;1
u134;213.0745034531699;-4.384291600288079;1
v135;-34.05735697448842;105.3010583062602;1
v136;-3.5560224326922736;2.0279720244864357;1
u137;187.79843234076156;22.169084964521684;1
v138;17.238759651995842;-5.310022236247263;1
u139;199.76735291963053;57.82546586011441;1
v140;-5.003200780582021;-5.096348226851119;1
u141;226.7014987352694;6.766260724522434;1
u142;209.51017015368484;9.54254648772944;1
u143;204.03514129220332;17.19112791815011;1
u144;199.8949016183095;-1.2942808714780345;1
v145;-24.75366977360569;-24.31198370096672;1
v146;1.5268843329469088;70.6358912362275;1
v147;46.089794627624165;23.919511191446663;1
u148;202.86530786169018;7.587498225205589;1
v149;-25.81998696525274;-23.299502398521525;1
v150;10.805361652816673;140.57164136341913;1
u151;200.57335587990653;59.50718581378268;1
u152;129.16285747402065;-4.369163520778407;1
u153;151.9671499791682;47.07207729837305;1
v154;-23.604363374086255;-46.166001382908235;1
u155;194.03511596423365;4.419130001208498;1
v156;0.6097930230324716;-2.954817893121512;1
v157;-63.937144565043184;68.62643755851165;1
u158;218.2783162702319;-39.583330805408465;1
v159;-6.385734811047423;20.053671740150676;1
v160;-65.58877156017232;-116.11522049694594;1
v161;-32.129799095112716;58.6928434887968;1
u162;135.3262697588957;28.19135474761619;1
u163;294.06947966891994;-14.904562536949248;1
v164;-75.96668346357812;116.18068843924479;1
u165;201.34768166022232;17.242036678013623;1
v166;-51.244823555902244;39.25449076761071;1
u167;198.15837913974883;0.46337688875227956;1
v168;-21.423772303125073;-28.6974741463348;1
u169;180.3860227013769;54.69071823594843;1
u170;299.9343106103252;-22.87985390640672;1
u171;200.70269006415913;-2.367796437125472;1
u172;166.27476616706292;-42.2443512557063;1
u173;174.17627657279252;45.86202677590299;1
u174;218.69032939246003;-53.98812588249139;1
u175;202.92953029126983;2.3036517749435226;1
v176;-10.413733461252592;-63.52402018374905;1
v177;64.35092627668531;-68.02171201600045;1
v178;-20.987376986965792;-4.3432988032154825;1
u179;164.6691087807654;75.44035199081364;1
u180;230.02735994799025;-22.607638903178394;1
u181;202.247191951115;24.381698247809176;1
v182;-38.11506992009352;-42.362501746830226;1
v183;-29.63989392873436;-38.48221653611427;1
u184;165.4693992168405;-4.555516589941374;1
u185;240.93614352451112;-25.775526567432877;1
u186;203.39012265356828;1.5638891554648078;1
u187;211.19014774205206;-10.274968870404633;1
v188;2.9047888097641064;-1.5415689188277744;1
u189;114.46617804273329;37.43731225831258;1
u190;203.36930609041858;-30.160878286330544;1
u191;229.1098228719179;-7.935785973945417;1
v192;43.54446503125672;4.746152905148076;1
v193;-8.377140006034471;6.335996526825718;1
v194;4.341731427934938;6.519341704499599;1
u195;262.2621469276886;28.39357494910643;1
u196;199.2771757096401;2.007768873769316;1
u197;186.5320413212608;-39.09271977071366;1
v198;-31.549340803175372;60.91185523063595;1
u199;194.94666359155931;-26.591826991093182;1
u200;205.70303105125734;-36.3254342732696;1
u201;184.64380333191227;13.21992787625594;1
u202;162.7720471811455;13.15067928320967;1
u203;171.4817639792755;-2.9628304116705504;1
v204;42.86664768554136;71.8034311755611;1
v205;-37.10995965916026;62.24552721194858;1
u206;253.82408337412724;-0.3526876605860956;1
v207;-93.61056328943825;54.76898217038871;1
u208;175.48988648445308;47.858975010292724;1
v209;13.326518279978442;24.48289749676273;1
v210;-9.834198958942464;-15.51111767545364;1
u211;141.81651404810046;28.3464689623869;1
u212;178.57549109737457;-98.14351531076191;1
v213;1.1424566526540354;3.7595047285842846;1
u214;185.0549397959522;1.4552839887508817;1
u215;206.73904748549165;-25.879372901822666;1
u216;235.56386549274384;3.680349137068824;1
u217;199.2979025287279;-4.495470843574499;1
u218;231.75398360212137;-14.713354142601032;1
v219;-38.89143971268653;-16.712825756210663;1
v220;13.814319226593538;-3.959078446609406;1
v221;76.83176202478957;46.23948503360157;1
v222;-8.894687256833219;-0.3189004376793677;1
v223;1.1869361244893388;2.3820600369516334;1
v224;-21.780056262786896;28.73645930100442;1
v225;-2.97810315018684;-34.876687162980026;1
v226;-42.201370734744216;-15.742237350709258;1
v227;-6.277768402729648;-40.158323530772485;1
u228;219.57083475539022;-28.659346392137802;1
v229;-27.978278710826565;-38.907578516270796;1
u230;201.12115745585726;-1.6164088542962984;1
u231;194.46674541043487;10.579550064402158;1
u232;229.49351997149975;42.464079219897975;1
v233;-3.705486548933471;-10.330198915211144;1
u234;168.46655593448645;7.874073521394318;1
v235;-64.93494692289963;-26.110289479787976;1
v236;-3.901156762863972;-17.64309953644015;1
u237;209.88229491984927;-27.222357999028137;1
v238;56.35839626509437;-27.799311155749688;1
v239;-33.39603195071311;64.01477925707432;1
v240;-48.009007000822734;-16.566723070074836;1
v241;4.782983370551166;0.8067315477065147;1
v242;-90.50440034661352;55.69428773624019;1
v243;30.000124305669793;26.87329705114883;1
v244;-0.9953771689742216;-45.578880609764916;1
v245;0.9517490147938797;25.725075505574498;1
u246;187.0819380559846;0.7076395554687948;1
v247;-10.553043619605697;-71.73669586435332;1
v248;-20.320842795462756;20.294493630051456;1
u249;184.97863802104646;39.33430731869248;1