dep;-121.24218199456459;33.62503936083332;0
v1;13.786058175375183;-58.36539475707592;1
u2;175.7202773284626;-18.062603415126432;1
u3;179.4729175891751;-14.288791950711484;1
v4;8.625278583341;19.734143564889763;1
u5;190.97972545738895;-28.619155104274213;1
u6;202.09561672864976;-19.161286739682073;1
u7;307.96629181682067;-8.360948624465173;1
v8;39.68736717250284;-76.19647790859132;1
u9;216.82865218340592;101.53523953813676;1
u10;246.91781577620378;-22.26937056879868;1
v11;-10.700041376963494;-9.328473075713875;1
v12;4.291585193406768;3.9469847092457386;1
v13;20.164812854188792;23.1592755979073;1
v14;-14.486287636279734;6.430689226979174;1
v15;8.315124978766683;-14.541983733988975;1
v16;67.5959535320908;-10.22494860632122;1
u17;198.17612414032095;-12.137613826667167;1
v18;33.56085111132859;-92.01104921636393;1
u19;196.33857835097575;9.66815155922977;1