dep;-57.99729633116643;2.848169268568562;0
u1;205.72286146293328;-0.6404911615098765;1
u2;142.7273751624108;25.28895862928579;1
u3;201.5695083368916;3.9208732904729544;1
u4;206.5039872302456;-67.28841651096296;1
u5;203.3984039989776;-7.68189803801258;1
u6;221.69616252787932;-9.421647091310948;1
v7;65.25027330900244;-5.658197580183037;1
u8;206.20759423375898;-4.174843072256173;1
u9;204.52092623214838;-32.13689578494789;1
u10;254.8951304138569;-55.87372278759655;1
u11;190.7286174405559;-25.529413093114886;1
v12;33.86089730115074;7.2720040636917105;1
u13;208.62909418574722;-21.128046769161365;1
u14;198.87978604117762;0.0179427976730413;1
u15;222.6019133807686;-52.432519111138404;1
u16;204.96480736646095;-32.16738308544418;1
v17;-41.41224178689875;28.263749316144544;1
u18;268.2629424252656;-68.01008404402195;1
v19;3.035945209317193;-49.43210693241985;1
u20;192.2315982737479;1.7464010814251258;1
u21;245.59566050865465;-18.363317337805313;1
u22;170.08300217629457;16.650641263277716;1
v23;1.9460427232164914;-23.182802059774126;1
v24;62.505733259920696;46.83307742808182;1
v25;44.007188708478765;76.7027079134774;1
u26;221.72742826441893;19.11812166532945;1
u27;186.72100104854513;7.812367800902113;1
v28;23.87830246429827;-7.854761824416058;1
v29;6.206231122013635;7.752727703346088;1
u30;170.77958419393465;23.274093277570685;1
v31;-47.986134448906625;28.456355211670513;1
v32;-12.217458882196427;-27.116843511596844;1
u33;205.47552133106873;10.8896405490788;1
u34;156.74188910881256;-42.66181136204958;1
u35;186.14974379887914;-41.01623520085368;1
v36;9.848129721612427;36.549150280407154;1
u37;164.60412034809983;-0.2865415641149119;1
v38;-15.38526014743159;-63.91903608922455;1
u39;190.43774540151037;59.16405227991782;1
u40;189.8858037953064;-20.0928418677435;1
u41;203.34287527616473;-12.774796719453395;1
v42;55.10157974126434;46.167381858894466;1
v43;-45.92827801717542;-79.004084652062;1
v44;16.656006442982285;-63.229831918392506;1
u45;194.50315664127837;17.92317911706771;1
v46;-42.34639468822606;-20.182924567008993;1
v47;113.49108920886637;43.67688295254148;1
u48;280.86982236526296;-40.464869263202246;1
u49;212.5253664855881;12.881209813923547;1
v50;-1.0545425763589835;-19.392508214002902;1
u51;135.31763282101767;-0.09039949857900122;1
u52;200.45201403020877;7.017409668467244;1
v53;-38.237846231666666;-55.200388179857704;1
v54;-2.3999029408461707;-14.643482591352274;1
v55;52.30818907031821;-1.9062830899976444;1
u56;229.8807609741823;-42.79741079689388;1
v57;2.2012327283463287;-49.430421648730494;1
u58;195.7423762324243;-4.370035826035199;1
u59;180.64638784651316;5.339387292948605;1
v60;8.805902933241487;-25.934473639834742;1
v61;-0.2990199924413999;13.357254343495901;1
v62;18.463119089877722;-42.44640448177777;1
v63;-7.861609544939074;-50.66397989627624;1
v64;5.163256193176447;-7.127095035550655;1
u65;213.7188344566996;36.28498404684863;1
u66;135.03638085317596;14.705413546086548;1
u67;210.0788585384645;-17.053794840490117;1
v68;24.87658760392358;-8.545463917816448;1
u69;238.05760074764245;-8.410338997295419;1
v70;-59.88310386678705;20.0900081818112;1
v71;-30.539474764331253;-100.69054511540763;1
u72;193.1909860575349;-20.294039488599402;1
v73;-72.08095310718225;20.76330785414874;1
v74;-8.560469078361429;41.507115992611475;1
v75;-8.115826144647315;16.684939731066084;1
u76;200.3469037831873;27.429923668854062;1
u77;196.57704506366855;8.215276827737282E-4;1
v78;-7.031006176720113;-22.500746248713295;1
v79;-63.50438713348337;-51.64718425548746;1
u80;157.53644396988565;50.554666363018676;1
u81;229.93109648394915;55.33851527198681;1
u82;209.83673219147104;-32.12280671008947;1
v83;10.894933707360797;-0.7010440801076729;1
v84;-15.929362693688416;-1.6345645805764337;1
v85;-6.130140028150308;9.776255025586607;1
u86;233.886781014466;-31.460987890687193;1
v87;59.42522881821578;22.29095361477339;1
u88;191.67711511336995;18.111640083587567;1
u89;216.79640743795792;-16.183923671262164;1
v90;8.030683705279872;-9.810145653791828;1
v91;-4.74567346941221;98.47938857547287;1
u92;171.96150857824946;-18.301081940237207;1
v93;71.0948902593181;63.140123306311956;1
v94;22.99708807568071;19.283025999759413;1
v95;-47.1183063154532;7.629969757783407;1
v96;8.085001438519635;38.54017809797471;1
u97;246.79778362186713;-62.734854419845995;1
v98;55.39488010004415;5.875968329461095;1
u99;224.42089298082055;31.65646573525016;1
v100;0.00855015275199705;46.73545452908193;1
v101;40.316991080014255;6.93031268379639;1
v102;-0.23796196909726858;-0.40521317674927665;1
u103;251.06950711867404;27.43073821321635;1
u104;216.77055568944803;28.788120568926438;1
v105;-56.15974779383851;-65.91917496039501;1
u106;251.15259137303167;-18.696488539835908;1
u107;239.110495124471;12.90141519191495;1
v108;13.662529803451456;-30.350488517401658;1
v109;-5.493671450376561;2.191000535938318;1
v110;-7.743539356670891;5.419741530930818;1
u111;230.84543812103348;22.295012440547673;1
u112;192.39899661562126;14.680660393022643;1
v113;21.306854048772127;13.68040230232755;1
v114;12.60313758497902;-5.948319860004767;1
u115;240.01909690167952;37.16666274409629;1
u116;209.90952066590737;43.151687170724784;1
u117;199.22080475216117;16.425457884937035;1
v118;-33.45099789826508;57.464745357668924;1
u119;180.72615212058204;13.474621945397603;1
v120;-36.2184854263674;-21.870655622175818;1
u121;111.06068593745859;-7.143140449574181;1
u122;254.97315630255477;-39.36781213213744;1
v123;-115.66688093878855;50.35663067672495;1
v124;-21.115860150335365;-31.899013881821922;1
u125;227.9041827721785;12.83707895102454;1
v126;-22.40827719654975;-6.239042562104276;1
u127;238.83384510407066;0.8971087721903287;1
v128;4.2206299007124635;-2.0155298302938234;1
u129;201.79668010627563;7.037141271863615;1
u130;183.97281459815576;28.658737609948407;1
v131;-32.01987812379339;40.60941399236686;1
u132;213.58491512319765;-14.467265821773875;1
v133;0.37697808321145293;1.9649685081300279;1
u134;291.9651076862985;7.384053811725628;1
u135;216.80785478077604;-28.18038995140449;1
v136;71.86141885970376;34.57150701485506;1
v137;-0.7449588826780078;1.7835060745564506;1
v138;16.084930572175132;75.5565994462807;1
u139;150.10583574242378;-13.3864793357389;1
u140;157.47214830218957;-40.890554355435825;1
v141;14.958324434111892;1.9650916858986223;1
v142;0.8447738268397327;14.487349882426924;1
v143;-27.471567525211324;-2.7875865243021556;1
v144;-8.360302726590115;0.7378112085991295;1
u145;180.62754184711622;82.77367262674174;1
v146;8.155055344073073;-1.6194144062894116;1
u147;305.156974442919;16.477786740060395;1
v148;-96.5930468363819;70.539378423187;1
v149;-28.07508878697238;-22.59218684837266;1
u150;216.00702075189372;10.456457632865098;1
v151;19.31674798061313;-0.4772606641242286;1
u152;202.21319730523558;-4.573853786228467;1
u153;181.52727192831136;-7.331195100756429;1
u154;237.36036371640645;-18.749947008053248;1
u155;204.8401975133668;32.93329563446419;1
u156;198.9629007306355;-0.002908288762707658;1
v157;3.5276279371029906;-12.450577548044818;1
v158;-49.00480147364513;-14.533361603482902;1
v159;-81.83152169893337;32.55089095343505;1
u160;177.36573173459382;-31.71991364511488;1
u161;204.23659944424838;2.855772510960553;1
u162;185.49653809695428;15.370722486252982;1
u163;156.3479232414473;44.92099511699526;1
v164;31.272075750014487;-42.576156318695745;1
u165;176.97895276150757;-32.209345485685255;1
u166;250.8097646105624;59.97915412070916;1
u167;237.95502403720414;-18.1648144085479;1
v168;-43.40013702976074;1.213312711554383;1
v169;-8.723454467392427;33.25070345605987;1
u170;178.43684665125815;-16.039076902623393;1
u171;190.22272805511247;-5.600078817817188;1
v172;-12.180457661184308;26.412036848474184;1
u173;162.1362039206018;28.438796052331423;1
v174;-24.682266993790076;-31.637814307512297;1
