dep;-77.83032900806754;-24.007388903880344;0
v1;-12.95900452843846;-33.05680313695656;1
u2;235.25189739651287;-38.089563238104965;1
v3;-7.361237628206245;-28.99242469972932;1
v4;64.41778495959034;28.932817221179274;1
u5;181.1612802466655;-13.11607290913532;1
u6;160.0827280007088;-41.68160082256681;1
v7;-3.127385475744558;32.42491332979766;1
u8;184.7689338820794;-34.29387446768446;1
v9;0.7564019243581014;-0.7039413151764571;1
v10;-15.16809246637327;-5.346003706989959;1
v11;19.00700299503134;-13.236168406437589;1
v12;-25.196723886454144;-15.498137463736853;1
u13;199.69441783479414;0.34275439882690945;1
u14;186.93654164741758;-6.140239020095619;1
u15;206.7793340642438;17.815544515474137;1
v16;-5.109957737714748;-13.32440909157053;1
v17;0.5251943975116415;1.0121571973987322;1
v18;32.25802084292756;-17.681072117135933;1
v19;17.192764503388556;-27.948911034567256;1