dep;-5.362481108623977;15.005207978613283;0
v1;-8.768864494805456;-21.106889336352378;1
v2;-6.816625310597447;1.4316145106365104;1
v3;51.344512302593635;17.1153544635564;1
u4;227.67386187438942;-23.201076992593723;1
u5;89.47466093635201;47.065435607245846;1
u6;199.04577648524386;-0.811077323060755;1
u7;168.8883822106104;-43.83838744617554;1
u8;195.63554357231757;29.259982643731707;1
v9;30.899587491646272;-36.41916435403554;1
u10;180.06824804100344;11.591732687833128;1
u11;201.8365299057319;-24.014852225502796;1
v12;4.321741878012456;-2.059295120103686;1
u13;194.778645913429;28.336429734375873;1
v14;-1.7694899047337942;2.2497760239079243;1
u15;194.56344484430622;27.19504704392987;1
u16;193.7046023066602;-7.007821918304216;1
u17;198.36813310884256;0.06402870250927542;1
v18;7.956017646368024;-71.0285472155669;1
v19;-17.89818839950558;6.257031931900009;1
v20;-7.694255933800328;57.07067788290817;1
u21;143.53276578258055;-10.066683697485367;1
u22;156.19283136736567;14.404381357814156;1
u23;167.02000473917798;0.540512982071544;1
v24;-80.52347331620167;24.150491558372245;1
v25;-52.13533788193475;44.4156797363661;1
u26;189.94530935039163;-6.046931420767662;1
v27;20.314718452405575;10.167525964662934;1
v28;114.765648936313;-55.2877999595896;1
v29;20.592963580900822;53.99565228217182;1
u30;232.92758671063052;-1.1094359527643392;1
u31;190.1768412081482;-7.612903922137819;1
u32;208.46081612978585;-8.716227696679047;1
v33;-62.09728239555858;43.641779844011616;1
u34;196.89572875984328;-41.35906491422885;1
v35;7.618165974780118;-6.212295557088528;1
u36;305.22515284518875;17.004591312156027;1
u37;171.47106509787687;4.732427327495666;1
u38;217.10009378448072;-16.964477534330054;1
u39;243.9329848071025;-9.320870089490764;1
u40;240.66055120984262;89.61944939055786;1
v41;3.91198896708181;19.11067547236959;1
u42;178.27339790758853;-67.53945265398255;1
u43;213.57219984365403;29.68441810459636;1
u44;191.81110914036466;-17.963487516021864;1
u45;199.8416063451396;16.686018948034555;1
v46;51.131849144925354;28.807448782150985;1
u47;180.43158263557083;-59.00355172068682;1
v48;-34.94273775747502;67.18268994485501;1
v49;-25.58819382460072;6.588109110413126;1
u50;179.65243290771625;36.00883460572404;1
v51;11.158459594869763;73.44840069001734;1
u52;191.3903237249284;-27.14316567021045;1
u53;201.6404652280476;-1.556432640407615;1
u54;201.89248934332784;-53.81614766955147;1
u55;184.15881972873726;-48.75880583789661;1
u56;157.20149338569072;-24.33829338396031;1
v57;16.54799098349135;9.596872826837917;1
v58;-6.750220455334978;-25.86510603120476;1
u59;167.65751576774508;31.553976889098738;1
u60;161.32692149977743;-51.40838934344121;1
u61;196.61710056778648;21.061023693304136;1
v62;9.948125170131139;31.756685558886637;1
u63;160.43563297366745;43.6794866631175;1
v64;-18.516084031339027;-13.40609654576515;1
u65;219.62644432971757;-16.521015654546947;1
u66;172.92932893295153;5.721320148760317;1
u67;123.96020264226682;89.83301994388825;1
u68;232.65498584145183;10.464733640976041;1
v69;-79.19978760723876;24.016558232966194;1
v70;0.1549031714586185;-6.340864116664056;1
v71;48.779517433911;87.45150337781801;1
u72;202.8574520971683;-35.18918760167197;1
u73;187.35766915180585;40.37330172950687;1
u74;203.53928934419176;18.425053820528117;1
u75;199.64606286021515;0.16132795930891763;1
u76;193.12064137803915;85.79659230726115;1
u77;220.10017176527074;30.51933056673246;1
v78;58.170946219847934;12.191382392489862;1
v79;60.08574980682603;-64.00991485109436;1
v80;-0.4322282839462768;-2.3199686313855246;1
v81;44.03569356301975;7.475842659760326;1
u82;137.64657649720732;-30.3656129637948;1
v83;-10.221250218128233;-61.17581984302264;1
u84;226.36274584861656;20.45312888909473;1
v85;8.92862312743861;18.136513590698122;1
u86;203.75840780094842;36.85968134690068;1
v87;-8.460206496613191;-14.873748781733424;1
u88;178.36689597719197;-33.8013402243748;1
v89;31.022242388716545;-24.647723508301965;1
u90;222.75928470960426;29.933411721612266;1
u91;155.27432367422026;-1.8860099315438477;1
u92;244.6106971385752;-21.496042410673372;1
u93;196.2507556977646;-47.03333973363905;1
v94;-27.298423065452912;-5.409442898244447;1
u95;223.57816916042967;-33.683317289740664;1
u96;197.84420823057852;-3.487736090144989;1
v97;-12.422464205875924;-7.512550749198957;1
v98;-10.768523404307073;-61.500965327744225;1
v99;-3.8066687200392417;62.54646059617106;1
u100;195.92919378731588;-9.96639900285839;1
v101;1.5144626041135927;-88.95821793543298;1
v102;9.355510288068137;8.59075955272917;1
u103;278.3914233415086;-3.5889954299896254;1
u104;109.12059498781555;-51.74139784263613;1
u105;209.36437494680192;-44.59547514705779;1
u106;224.521828983318;-26.335475960469534;1
u107;156.4295330175055;27.39778401644726;1
v108;0.5720756445482613;0.9335893147441101;1
u109;192.0891498059871;5.237000576378567;1
v110;7.873437506696725;-15.18256081858284;1
u111;197.44350647547714;2.3428330001714297;1
v112;-8.413105793974019;-33.14402420455894;1
u113;196.00094941528582;-24.705166185617216;1
v114;-13.687766306436425;-12.728155901039367;1
u115;189.3721674159168;-33.46727952570943;1
u116;213.7857995853874;37.93318868121243;1
v117;1.5166068499756316;3.926772515550174;1
u118;199.9086444287698;1.1906751870740133;1
v119;29.978078471523826;-0.931587737174133;1
u120;222.84364027392672;41.49577550333591;1
v121;-26.54854833071132;-33.58182615309393;1
u122;212.6595888022332;8.320024005404537;1
u123;208.3008770434221;-15.733961899261779;1
v124;-4.390699534023844;28.67147828083174;1
u125;218.00565018027498;29.72885736917188;1
u126;162.7060954811816;-27.468644613979915;1
v127;-8.224183220622333;-17.05681369700583;1
u128;187.48846666955149;-77.41570098740279;1
u129;237.5452875830005;33.96289432513855;1
v130;6.63130362180309;28.714198327119405;1
u131;202.90119713776284;-2.042652946828979;1
v132;-4.174521802243455;28.001137162371915;1
u133;248.0820489979562;-38.62555373580457;1
v134;-33.06726263690338;-15.431114441262812;1
u135;192.9369265737769;51.76801998066014;1
v136;25.83764470539354;42.71112328310688;1
v137;-0.3003988139672525;-0.14799932943398986;1
v138;-7.022853984430602;-14.61446889234879;1
u139;225.3646273370776;-31.11753429233443;1
u140;246.5861951152586;21.009395838008853;1
u141;210.973080983361;-19.839306954759905;1
v142;4.749425318981601;-2.394918549614221;1
v143;-24.931140591184953;33.82773492177166;1
u144;238.38522607636432;-42.413171850526034;1
u145;187.91624374191667;11.599528423131582;1
v146;-5.53813652741452;-45.27717816912046;1
u147;190.07458569309622;48.93577371213434;1
u148;230.80478645355535;-116.6567613893463;1
v149;25.50248260998372;-26.797669766656625;1
u150;189.12796169894887;20.61566865743061;1
v151;-23.71840966357831;67.58383802173645;1
u152;211.13029656086897;-11.190699929127309;1
v153;83.55134873901103;16.06749881574403;1
v154;-1.5000081170405166;-7.475072212938037;1
v155;15.12403765934426;19.0476558354818;1
v156;-54.789571122579396;-54.147771287657285;1
u157;224.5616578346143;35.51268171697301;1
u158;200.2258706482563;0.12868160116597166;1
v159;4.606332774344668;3.379729258394851;1
v160;-2.263523155514116;-5.676569960802032;1
u161;208.21261495641545;-33.711848134057846;1
u162;228.89318381633433;8.56479779152184;1
u163;153.8176569895604;-51.3310983525045;1
v164;130.5965487887923;4.912686251054406;1
u165;204.20401620834588;-4.606573599915232;1
u166;137.20084817164192;-39.02085296165078;1
v167;-9.119033007627655;-5.044163218763127;1
v168;21.524941897082666;-5.066196051634655;1
v169;37.154396399541504;-41.44175495171041;1
u170;188.69969237694366;2.0362539800996147;1
v171;17.243956385409813;-9.754294424393143;1
u172;171.45189872644534;6.465116846116591;1
v173;47.45434417133282;15.81357604753336;1
v174;78.88508254592655;-99.7212353089285;1
u175;185.99855268973954;36.00730390649448;1
u176;250.28924434009414;-37.033261612152245;1
u177;126.09857259631735;44.02397486355796;1
u178;266.3998631241503;-5.570528693003754;1
u179;181.78575439762628;-24.97993414107324;1
u180;229.4839066256132;24.946751154879017;1
u181;160.30661019697587;-65.41979442359734;1
u182;195.79622910825057;-3.4087918209177013;1
u183;253.2102820477243;14.896027638379097;1
u184;226.57560996760955;27.56066031314106;1
v185;-81.19721662605001;22.003290675356684;1
v186;4.095458783398291;-63.052129879996336;1
v187;-19.877527661015105;30.73890517491466;1
v188;-16.934674051125533;-0.41677898576353295;1
u189;218.49102659866344;-29.67001459556502;1
u190;212.38163548934548;15.703958030105976;1
u191;240.51012980680554;47.10579472088641;1
v192;1.3562373798547203;0.38255204666699427;1
u193;168.86826464232945;4.466439457739557;1
v194;-16.43751387977196;20.13112463498196;1
u195;220.30191957997746;-31.7258885516828;1
v196;-3.218914366787784;0.6753370034943239;1
v197;-15.533139311363646;102.45006828377714;1
v198;27.610139054172016;-35.24352106838007;1
v199;-36.65895148973466;-2.722686876893778;1
u200;139.43266376436515;60.72229978356127;1
u201;219.0219961839142;-0.9844202108791478;1
v202;-64.08552588034725;-31.209903844634958;1
u203;199.58501440526118;1.6979215772623222;1
v204;11.929112597721003;17.667087259565196;1
u205;190.78846929002992;1.032084082180292;1
v206;-14.567295492402753;-113.04871594918046;1
v207;4.992358910869993;-16.88387578696612;1
v208;-11.158078769839818;17.091988742169285;1
v209;1.7793565430664893;19.780951755189818;1
v210;-16.636649287754395;-50.46736246886112;1
v211;-26.091866744022703;23.747224216901934;1
u212;212.37402148403285;74.79555512224793;1
u213;180.22180322582315;-32.60448906187801;1
v214;0.03140363375281635;5.467162940422691;1
v215;-38.1013817824082;-8.695424955337433;1
v216;-26.09800608522033;-85.74058332121079;1
u217;255.05517648397213;107.77458560238505;1
u218;204.46322338270753;13.109755250088059;1
u219;207.11101186272583;64.07620323429171;1
v220;-20.609661767231426;10.91277370581532;1
u221;192.96212893844805;-3.171976561788719;1
v222;22.845560913503608;-77.82730949807879;1
v223;66.84784010226217;30.290961686062392;1
u224;219.9106258313852;6.717504658228359;1
u225;229.13139307776007;-27.53926798628941;1
v226;-17.750939506582487;-47.060318260274215;1
u227;262.0269498344775;19.23724835416249;1
u228;201.9983255400657;7.480538730140533;1
u229;202.89621730969105;-22.503650359655854;1
v230;-56.406741040253465;6.130252460209864;1
u231;175.5410640318706;-63.3030638074962;1
v232;24.172444918862713;-22.137139872552954;1
v233;44.48100212979791;-34.00293894642816;1
u234;192.7197570916523;-25.52851325628665;1
u235;197.2868885733048;-6.752916622439846;1
u236;183.61064564283575;6.48879165758572;1
v237;5.237807387029915;-10.474987321561413;1
u238;212.0767660408215;-12.646499731461322;1
v239;-42.65983847208561;-41.756237285950306;1
v240;-15.290346950165105;-18.81771559781661;1
v241;39.641054525885636;43.72041510520855;1
v242;80.90287775380156;2.347710573292513;1
u243;199.16940394527796;98.94595746465494;1
v244;5.058177053630674;-7.613325902538908;1
u245;232.17827524154063;18.51961395744752;1
u246;210.50519815610386;-103.23468643739064;1
u247;193.46338759851034;-1.5759842699704751;1
u248;208.67358115744378;-4.331668662467984;1
u249;189.61524237824676;-7.555026865790661;1