dep;-11.401191264201548;-10.65047346964456;0
v1;-13.203760140869965;3.6443509565417376;1
u2;189.07878092373284;14.094440840309433;1
v3;-1.9366321528530244;1.2456853679123971;1
u4;290.45615436858856;-134.68525612397113;1
u5;261.85281336209744;56.02996272285898;1
v6;-28.54184366381433;24.050184567813243;1
v7;-104.74123754381694;36.0898357180547;1
u8;199.81839668786876;0.061574133793396414;1
u9;204.43026365684383;8.919674078435085;1
v10;-20.84496095794981;-9.395376910660334;1
u11;275.9348752719839;30.539518317118528;1
u12;124.24023057773306;89.96373895146952;1
v13;43.87599003352604;8.111538490006895;1
v14;-2.867799228966698;5.761045630457922;1
u15;205.1047177779859;-11.441507135584764;1
u16;275.78962216320474;34.008490713669865;1
v17;-54.72677233738789;0.9995997505645934;1
u18;172.4043664847278;-21.390818252785746;1
v19;23.945593541633215;24.52380194578085;1
v20;26.176368676384783;-33.70249366030358;1
u21;163.39270559082078;10.456141305795269;1
v22;25.1897683457129;-13.998848081178945;1
u23;221.11055726821186;12.71358293231985;1
u24;176.62594787470934;-16.022839738845935;1
v25;51.39146375532936;-5.159744586653052;1
v26;-27.428759492741953;41.722093641286655;1
u27;174.23360486565585;51.84003282432893;1
u28;279.78013503020014;-93.13158128664179;1
u29;203.08835049862253;-5.361156993350901;1
v30;-69.0264252413013;66.86853604748765;1
v31;-15.150528378860603;9.0071643496957;1
u32;216.3373986634582;13.712134990523586;1
v33;-25.74191349234131;36.45887358393665;1
u34;190.19098188090672;-2.036295011514773;1
v35;10.589589559229456;-21.081548289604246;1
u36;208.78431536579194;-21.487026065091023;1
u37;183.7886364515323;40.17978117500964;1
u38;213.87496400807296;0.4196160050751591;1
u39;191.6737336412909;-21.336145636823307;1
u40;216.70850528037218;1.9957594972037433;1
v41;7.392557871615247;47.85520696277922;1
u42;197.88410456201115;28.296845986011355;1
u43;125.83615230729903;22.49872015973105;1
v44;-35.37942998473941;-91.01226951394055;1
v45;52.3063223772988;4.5904147006285;1
u46;207.07171015962706;-16.75106235073609;1
u47;130.74566051720478;0.7878429779450503;1
u48;218.84702764322745;-30.991342429472194;1
v49;27.410474528859982;-36.234265300989584;1
v50;2.0795809126000218;7.335180112832175;1
v51;27.02189109353715;-20.81458910617782;1
v52;-4.016360911732264;25.58039831285277;1
v53;-10.436391959313063;-11.514403485648469;1
u54;164.06966301787133;-33.48514741674013;1
v55;21.19841331906191;-42.50060867778467;1
u56;193.6731107053925;-10.78506124346168;1
v57;3.11957101010657;2.87166660026397;1
v58;-31.566335756269552;-15.519660126902412;1
v59;26.953686491890483;-42.201815181252;1
u60;187.88429221207485;0.6684886644559843;1
v61;-0.5144512132896205;1.3265932192921148;1
u62;144.12640868975404;31.76332053129273;1
u63;167.78453939090326;22.001952745830053;1
u64;146.35044080438888;-33.90915582401607;1
u65;199.8286472988985;-0.1498933011137333;1
v66;36.79519904278332;43.89374373665454;1
v67;2.7688015313239274;45.97455223450222;1
v68;-25.459902629664025;34.109570361581014;1
v69;26.98123419316723;22.00422504252399;1
u70;179.1369083950921;2.7039512274586412;1
u71;189.45261242109717;30.791151221561787;1
v72;-22.103576954661975;6.021594404093011;1
u73;209.7252059796884;-24.345951475804096;1
v74;-72.9472881792189;45.648667574063744;1
u75;226.89697502472237;-23.475753376387864;1
v76;48.86050828788528;-17.764893823432335;1
v77;67.05703003596204;-19.397053673629845;1
u78;227.01730729021477;-76.37777858559781;1
v79;-74.0706996866023;-31.171720521466387;1
v80;0.30828855713672004;-0.10792787498676906;1
v81;-44.43458066709891;-15.725836430788158;1
v82;-39.002733500424554;50.93415130533396;1
u83;208.64684440638268;-42.92435131205283;1
v84;-16.093425512399453;-55.419268782016836;1
u85;184.50959265210724;-29.500298395363068;1
v86;7.815211127293618;14.68142444836536;1
u87;196.06582522051488;11.604081895050575;1
v88;-32.99393186345614;-33.794838522099525;1
u89;203.08957113653244;9.319756409791033;1
u90;153.72365542723364;46.02140378387601;1
u91;146.64201717827552;26.932602584673077;1
u92;177.69227507553424;59.17131061630499;1
v93;-22.092401602145358;1.7143276286805023;1
v94;-8.904518341793745;5.485925550184343;1
v95;-29.135753612644297;-44.19680036457489;1
u96;186.89921818701717;21.930993337799386;1
u97;183.78494755264194;1.646122008741402;1
u98;183.86114954222265;22.77989116112512;1
v99;28.566817388719368;16.403610603532805;1
u100;144.46760100900875;-47.14297421492051;1
v101;12.23231760282951;0.6790760136840164;1
u102;224.1597455589208;9.827607618399227;1
v103;1.943194773108848;-21.44856851902294;1
u104;188.20213926726908;7.109437452578222;1
v105;-20.030145421001997;39.462101782955415;1
v106;-15.983694156302635;-36.99189892821802;1
u107;199.89180753824962;-0.04938992609460977;1
u108;203.6106732350355;18.09396732488695;1
v109;5.98614482889199;-64.21627554236584;1
u110;187.95752884115555;27.963005288325707;1
u111;229.91652985843342;22.641683452189678;1
u112;194.8263334832314;-0.21370470220162835;1
u113;182.19661418204169;-144.97355471245186;1
u114;198.6651561047199;-0.5002357911376176;1
u115;187.7964385249403;22.914910861220932;1
v116;0.5043319927325651;-13.583166696478244;1
v117;68.63885491374343;-21.78357930358945;1
v118;-43.49208709689296;-10.348610613512221;1
u119;209.0403726012182;-15.114120552203795;1
v120;-11.477257861317035;-17.600953787049374;1
u121;213.2070785083123;27.26705436458243;1
u122;227.3100149224982;-55.76497969116184;1
u123;194.05136949587555;7.068827058608585;1
v124;4.801955890886955;-13.185351080387996;1
u125;223.99149953793216;-10.575081233307799;1
v126;2.7206760727007504;-0.08805536029293033;1
v127;41.480047675917994;21.89052877702811;1
u128;164.84565843856657;12.583786089723242;1
v129;-0.7352509819947785;1.8121395459502567;1
u130;284.2395779781568;-83.31522679587721;1
v131;-72.26669952998135;-39.45191915239519;1
v132;37.33298775889056;68.30429602075922;1
v133;-91.37412279070419;38.35347160612191;1
v134;3.843714899008151;2.8488920751250686;1
v135;8.140172618855065;23.695143850601557;1
u136;228.44372679035433;64.6030881100902;1
v137;-0.28423315477324895;-7.49388353917382;1
u138;216.82188291880084;18.568471116258706;1
v139;11.985653764533845;68.62105106827445;1
v140;-29.415086441882085;-5.238962330967319;1
u141;204.1280263005237;1.3746773785017823;1
v142;-27.52993989074878;-76.00999990947368;1
v143;-43.36410013239779;-25.855441174748535;1
v144;34.13424338266258;3.8262387214906637;1
u145;205.1667144066606;29.55553033412427;1
u146;268.83812673713845;29.34315426224373;1
u147;180.57562894025207;-15.77575205651757;1
v148;41.91713569708039;-14.758978673658621;1
v149;5.431669062470955;3.3574838733297323;1
v150;-1.7122813131212062;-17.3666171875966;1
v151;-8.530137760413869;4.088204432216848;1
u152;192.68820165316285;6.929830581959219;1
u153;160.2812071746053;-17.08589904409337;1
v154;5.571668341873886;-11.427787726204178;1
u155;197.61009561699044;-12.187728942029466;1
v156;44.62369922238419;46.60741268945247;1
u157;183.0656445818236;-26.46359539577041;1
u158;178.53837561436137;89.97122383400668;1
v159;-20.979801827798237;-20.7805764268455;1
v160;6.207940213195199;-25.343799824940007;1
v161;1.19984603278905;-6.270791687328263;1
u162;196.63098285631236;0.8575292664371003;1
v163;-1.204684844724047;21.76998569519324;1
u164;152.99312807597192;24.763399435096613;1
u165;207.308242036333;32.91131422696917;1
u166;226.09759863654216;-59.80032657095128;1
u167;204.11005755993102;19.952694491723502;1
u168;148.65012324104234;23.974441752815704;1
v169;-12.7163292183507;42.527572231222265;1
u170;280.6511277408781;106.51059511139057;1
u171;268.2990025651461;10.603152670440045;1
u172;226.5973527890354;-62.417464753595056;1
v173;15.755361608189562;-24.63703635185075;1
v174;-6.345828628540655;29.87053101715625;1