dep;2.5957032811960246;87.40004436760537;0
u1;182.74860209069521;10.079593689822692;1
v2;-25.44299647297986;-25.01735543001336;1
v3;4.25320198822594;-3.448161167823488;1
u4;179.27990618507494;1.4936411174466628;1
u5;135.24121495238307;15.057216351543484;1
u6;254.83848261344008;-69.15337471753288;1
u7;161.06622655946433;8.013250161788411;1
u8;189.13579975515626;69.47783721366532;1
u9;155.94832866923608;-4.579122959373754;1
u10;201.24222228835941;24.06371022075277;1
u11;174.12497093001633;22.931781876638134;1
u12;290.5237453433604;-58.069867389599594;1
v13;2.6571443461690474;-0.7095621827286669;1
v14;71.38344103638467;-2.909726453242499;1
u15;181.3021058913692;26.694947996992894;1
u16;208.28757543009985;2.1641748693241465;1
v17;-33.413618348525176;-10.025496544446977;1
u18;193.7900809997322;7.2461717324449895;1
u19;219.8071088178425;-46.836826833750756;1
u20;121.31813218995626;-12.547516773867574;1
u21;226.54379843040624;-6.275233129379157;1
u22;215.21640880622584;21.26462350974539;1
v23;21.339032393839453;23.457862451093032;1
u24;240.53064608636882;29.423250921157226;1
u25;180.8276400528669;-32.73083621594976;1
v26;40.82227852988168;10.631977648562874;1
v27;31.71690285287718;104.1175767334739;1
u28;260.92849501670054;25.394052859074783;1
u29;310.91816233285203;-42.9936712565493;1
u30;204.75469624875004;-1.9401933913306624;1
u31;221.42215158423505;37.85416204649331;1
u32;229.06522867028113;21.443967452241164;1
v33;61.21654889013172;15.50836337808923;1
v34;5.279618298440687;-11.287284467716864;1
v35;-60.21102698826075;-91.83223147796947;1
u36;178.39933166762466;-97.31211220357551;1
u37;208.83375277579168;28.185675545298544;1
u38;218.58850580969766;68.65541967500468;1
v39;-8.75843695221776;31.567420677020433;1
v40;-5.167470279055923;14.407212986029238;1
u41;214.61279062611337;-99.87756382444447;1
u42;110.5887341861632;-23.93941274704595;1
u43;238.91939030302;-24.91394757009096;1
v44;-0.8440422534725253;16.310686587805492;1
v45;-9.011707373590355;13.01523163526554;1
u46;168.38204705965117;-43.18521919559405;1
v47;39.2926634571427;-8.717206850679228;1
v48;58.826235390514555;4.561595140979802;1
u49;275.893783700962;-4.873806646645104;1
u50;171.19934269608487;-8.561829624469715;1
u51;195.6553773685371;28.023771453739304;1
v52;22.393197885492253;-22.160797708104802;1
v53;5.929224920746721;-2.9178797998835964;1
u54;231.01773527310368;44.60243105234993;1
u55;222.06259371445603;-18.469657579434738;1
u56;196.0422097020286;-15.328279506651898;1
u57;185.1073538937598;-56.612722788562145;1
u58;282.54211503187844;-24.04500190597617;1
v59;-17.444416379663828;28.845054082899033;1
u60;174.99003828457649;56.32890373634867;1
v61;7.461275919669586;-13.006743221560065;1
u62;292.092034456617;18.29244892684666;1
v63;-32.731102485418496;30.17952633115225;1
u64;239.69445767152203;-36.068084632260486;1
u65;226.04226003875695;-21.228424749300448;1
v66;-78.73972691679496;39.67783079075843;1
v67;-4.444437114207287;64.2958781793341;1
v68;-1.9084707141254174;-4.829591690551507;1
u69;205.00394616381996;58.2504038886913;1
u70;195.96181991412277;-36.59788740576916;1
v71;-11.298273006227168;56.35178207350488;1
v72;-2.412515626063301;-36.92440481233388;1
v73;-8.892711307568527;-18.860592944332044;1
v74;9.221909449108129;-12.747731314011377;1
v75;33.67126814122264;-3.3000138412589655;1
u76;151.24678051794567;13.69489410780811;1
u77;224.71264856499448;139.18901209876395;1
u78;232.55954732313694;-57.57232577739977;1
u79;249.15746173315338;116.12247561276942;1
v80;-0.22948746043974244;-0.9635995282579946;1
v81;1.6176432925373256;4.481245990564349;1
u82;201.75634296270417;-39.06776952615631;1
u83;152.77013593997575;27.675173438621346;1
v84;44.52136146811535;0.07207957461806322;1
u85;203.83990545180265;0.362032163128352;1
v86;12.49437329879107;82.43256790174324;1
v87;-15.245074039347761;-47.04270606253847;1
u88;200.99684981749323;-0.15881837690021716;1
u89;90.57736649907433;-15.752715096518267;1
u90;284.9028571030001;-1.385360365173791;1
u91;105.99224597533322;30.040028358213227;1
v92;29.289483944338137;24.111049488126213;1
u93;215.6845001178562;37.91613416862451;1
u94;180.2821014376843;47.99460400110991;1
v95;26.95461935730013;-21.924938591899927;1
u96;189.3436189495726;34.449622660509895;1
u97;246.85399760118622;24.899872069693046;1
v98;-11.117632952141939;26.239529031225594;1
v99;-43.15878245679713;9.35164499256253;1