dep;74.88479153589309;-46.79531726903502;0
v1;61.12165204433534;-12.782982648059956;1
u2;186.17860380575993;-7.351325671005016;1
u3;288.2879586581216;-55.86606595729149;1
u4;192.10111776473804;-17.445635668446762;1
v5;9.020377749913846;7.46573047544948;1
v6;-26.407281422223;-1.3079825311188742;1
v7;-42.639853312297056;-33.908025827518514;1
u8;211.79679562728302;-8.164371959964352;1
v9;-1.3954168886369325;24.4049239614269;1
v10;29.663780661600143;-10.935072644662;1
v11;-15.750737146219098;-54.48089703049392;1
v12;3.100266812930104;-22.285835291729732;1
v13;-20.55473639278934;-0.39804390473060197;1
u14;216.3573006839378;40.03997494437623;1
u15;164.8145840063126;25.604301988806082;1
u16;220.81392261352966;-18.684154265866386;1
v17;-12.372228946509578;34.64895057334719;1
u18;194.32931083604953;-3.6832258967347897;1
v19;-22.239185344796958;74.80142854153446;1
v20;-27.14301643383055;42.852713554272846;1
u21;201.37226778775712;-71.13154270594451;1
v22;0.5120144105354719;-49.536363824004205;1
v23;11.00249565677103;20.187803032419712;1
v24;-24.830970228260195;39.06027347214474;1
v25;-0.052883172767351085;0.17799807548901844;1
u26;202.0914855464119;-3.223824767556809;1
v27;-76.67148399598824;-17.211047805724196;1
v28;42.901769771506835;-57.59366270502054;1
u29;227.70296012550747;109.98369461145583;1
v30;74.28315300344765;71.48824704549973;1
u31;211.0759671369325;16.011969820351403;1
u32;221.57950306309115;-32.64876199054626;1
u33;199.46470293847412;-2.017855477018138;1
u34;126.05439414014931;6.415790441150969;1
v35;44.03042434062909;-83.02771650958597;1
v36;2.352092752958355;-3.792327484750817;1
u37;256.3850713175379;8.165861846876314;1
u38;191.25029697070656;9.10834364161749;1
v39;-17.224922269650293;39.2758379532071;1
u40;266.57597940040046;-67.94237021563664;1
u41;209.2283100624656;2.5354833803274217;1
u42;206.69033953912512;20.45211547627309;1
u43;200.0436869752145;0.21797739346122874;1
v44;-11.374858409580566;-33.07362956467991;1
u45;211.8239189437953;5.96163217508332;1
v46;-9.247967704522372;17.080827370373214;1
u47;164.81216184925606;-14.057626129931954;1
v48;4.491212317642471;-1.2411979512768023;1
u49;209.5333681280447;-10.107502015673035;1
v50;-42.29126488442317;59.12120270994485;1
u51;224.08405591529464;-20.38530960756504;1
v52;25.565801686749925;-31.389325410677046;1
v53;8.051734594691132;-3.3274813457644745;1
u54;216.29181989765905;-34.88373796489309;1
v55;12.003575093388132;-44.55073673479222;1
v56;-5.976191216250307;-40.650253815563936;1
u57;161.81549262993656;14.130467037299946;1
u58;231.36921291944233;-59.640769840559194;1
u59;216.63705456491638;-59.20805463465426;1
u60;206.47306258497431;-0.21079872563614824;1
v61;-2.7767264742362814;11.095475239393489;1
u62;180.19352878840078;-25.709526445529452;1
u63;209.83569328486388;-12.350836500771926;1
v64;-15.964601276437836;11.425022858642274;1
v65;6.388456510697891;-31.78861297703321;1
v66;-2.4889046634977516;38.92843167350234;1
u67;167.03592768232966;-16.913358192644022;1
v68;-14.140705738003696;-6.830872577471047;1
u69;224.25052302679077;-21.895328376416284;1
v70;-6.95001911655614;-6.336871559951486;1
u71;206.38854079386792;-4.00921254933317;1
v72;32.090419485688464;3.745310078360344;1
v73;-6.379149273468194;1.7272096581527947;1
v74;3.5896571966212556;8.7566231503288;1
v75;-16.309714133022656;15.008376708377087;1
u76;219.44277933293125;-11.296066955710343;1
u77;267.3270876010618;4.295633537028901;1
v78;-6.711545518720791;-25.355341468169325;1
u79;218.1167297768197;9.809773020109985;1
u80;150.42820820394482;-9.460153588233936;1
u81;158.0883821938603;80.71709998541897;1
u82;240.52506667416483;15.491731512164195;1
v83;-0.5248408025905841;1.343967971364181;1
v84;-9.713670730818556;12.900470149229141;1
v85;25.05694820190734;16.621210181873415;1
v86;-12.903219272005423;4.946205482213317;1
u87;202.41099542443825;-28.613024768534274;1
u88;177.79610324798617;2.7742823662175105;1
v89;13.519056072419081;30.027176039052737;1
u90;206.1234726447714;9.375850469062183;1
u91;207.5040287445029;53.508357477655046;1
u92;196.11311698461645;-0.15811449105696393;1
v93;35.93866123907046;12.38480904936769;1
u94;194.78394547080873;11.679121802325248;1
v95;-23.16745085849105;60.69912291940764;1
v96;1.3837318279665036;0.8289982081225797;1
u97;159.3263249828133;59.28720232773706;1
u98;220.92732024104043;-21.373810043965566;1
v99;16.014742600771488;-22.837612005540276;1
v100;-24.71484002869397;14.55892119551081;1
v101;49.52520077874112;11.553491616350996;1
u102;223.8247738761987;-20.924120251434793;1
u103;195.82931142704552;-23.30410937959504;1
u104;234.2732804698977;-7.449239893681305;1
v105;16.736408511086815;-3.8576896212546505;1
v106;10.475414852146411;-9.738578678264872;1
v107;-11.649027222943346;144.61393682430156;1
v108;-25.674071901706622;-13.525524799497491;1
u109;157.6080755866523;11.413861790137744;1
u110;220.42485748087938;4.08096696354532;1
v111;-26.963571535137394;20.871217529671867;1
v112;-43.141477737590435;-24.364332067858562;1
u113;232.32697194654327;-90.02276270669776;1
u114;166.98347079431701;27.851011534951493;1
v115;-27.225752189115788;-14.469701303446847;1
v116;6.125941753654385;3.0936585582462204;1
v117;14.162528022499757;-57.42899107041862;1
v118;56.87607771585462;-34.33446696852067;1
u119;200.6930604262839;-0.6692021019402111;1
u120;181.4561739173602;-45.81073734271175;1
u121;241.3345842236401;5.911242374248281;1
v122;-61.06357479063437;-77.87313850646665;1
v123;-21.436050324408924;60.595095276917256;1
v124;3.1623805211630622;-22.49088274675805;1
u125;209.4439346156422;-3.6621334421719665;1
u126;198.3997290113426;-4.38041784107316;1
v127;1.0126007093560383;4.625621874344322;1
v128;36.20924379920894;43.997087755568664;1
u129;194.62479105185275;-12.568732472807445;1
v130;13.238553697547752;-2.104846049574665;1
v131;5.795240054053723;-17.77788505088628;1
u132;252.1954684123868;47.40611993118328;1
v133;-92.87306809964448;2.267848814459495;1
u134;307.33355784656226;18.97003875960702;1
u135;199.44653753904072;-0.8820276480433032;1
u136;166.66636709636808;-1.8737632403033215;1
u137;206.01109936009772;-14.41093618426068;1
v138;4.953811327003414;-20.890429169101807;1
v139;0.49142598096121254;-84.23231958650513;1
u140;209.02458976380706;-17.61602088101542;1
u141;227.15684532186685;0.361932859532738;1
v142;34.491747369459546;-51.6632564392271;1
u143;198.7066333676455;-12.432276429128313;1
v144;6.1868660835725215;23.91199404097033;1
v145;10.232802238595394;-12.566983457071508;1
u146;203.96991453597983;-9.921198852259833;1
v147;-9.64384178782883;-7.502582604937021;1
v148;42.38073007155968;35.436731787646345;1
u149;148.41754599560954;-70.76936838066018;1
v150;30.887052478627403;2.9204441010774413;1
u151;106.17971846009314;25.74365149140833;1
v152;-3.1827751916235467;4.638459101517419;1
u153;221.21316387676663;58.37895794343747;1
u154;201.19142355780608;0.17345754304237848;1
v155;0.15200723125461274;0.08843755692573776;1
v156;-101.48416319425961;71.30079863392315;1
u157;210.38873502032396;-6.341431248696698;1
v158;26.919753458500832;-99.46231587867544;1
v159;102.44759098252287;4.324109420427231;1
u160;196.81919651461558;-8.333100235773355;1
v161;34.245971182880254;41.346264650364276;1
u162;127.80417557807165;58.89077172440985;1
v163;-13.412562679947234;-23.596885912683305;1
u164;180.22488560809478;75.08599416692836;1
u165;214.3318318069741;-3.1752659905063716;1
u166;207.13084377694616;-7.604236628485695;1
v167;29.969500049881795;20.615624173364296;1
u168;198.9514504927174;-19.86024095387606;1
v169;54.91424732064799;-14.187023591320598;1
v170;-43.066676655174945;-4.897421057369399;1
u171;161.86876842958367;46.72442777154129;1
u172;186.77822945924288;34.33121442956243;1
v173;-54.539633663390546;-6.484131418519461;1
u174;195.57028135499638;68.22837510151781;1
