dep;12.156977311660873;1.2979471621068535;0
u1;202.16726095441473;17.342351634236636;1
v2;42.5510469108089;34.74093364712059;1
u3;202.86284491848676;-19.237253847166468;1
u4;167.6083108705141;-17.81378083799254;1
v5;21.83812177678229;11.075872237452748;1
v6;-26.031199766204384;16.92082751533801;1
u7;213.57817477126386;24.56242299702854;1
u8;204.0667144157204;-0.7903151511806691;1
u9;207.6452052886126;-6.669525875791131;1
v10;-24.77923130179841;15.080116446487633;1
u11;166.23408780395414;-14.102183976944392;1
v12;-3.2232317315730925;-46.23486448449123;1
u13;292.79808202599617;-37.14434440572919;1
v14;-13.519191732081364;37.55928329450054;1
u15;139.00278631667194;48.70577318693085;1
u16;164.10739593270807;6.707802318571717;1
u17;190.4037344917982;7.843403942928561;1
u18;278.86347430065916;-45.22390201851024;1
u19;179.37247135908007;-50.24772473707455;1