dep;-45.46716736502184;-74.37791349782016;0
v1;56.651285782252096;31.899649446786803;1
v2;14.61793967970597;53.01810044063847;1
v3;28.74579444519964;-7.2965960492787385;1
u4;199.20409093080713;35.44153060875899;1
v5;16.45360591580647;9.440881590045569;1
v6;-0.6719355756714491;-1.1525472692984262;1
u7;194.8912887583371;36.22257412173192;1
u8;238.3939198600149;0.6492449152172469;1
v9;2.452659433978555;-14.459340794303836;1
u10;100.43214294426465;-7.6454157167860135;1
u11;246.0543912806284;-36.94988549291738;1
v12;0.6447506886329274;19.89244290532706;1
v13;-28.536941530397826;-21.31344955990604;1
u14;141.00201386627097;-17.543107355033392;1
u15;203.93664643820384;-1.0608895631463588;1
u16;204.12671702273852;43.610183684573045;1
u17;238.02839431872843;-23.208644347694634;1
u18;121.94440756699201;-57.857443369707745;1
v19;-42.284609780881176;-54.73733086507086;1
u20;211.26422025828055;2.003946438496674;1
u21;170.30610211081068;58.42024370081654;1
v22;-15.554968559920002;-38.964538527074495;1
u23;195.22296385822293;-13.015096454287473;1
u24;154.79912478138732;-52.295616497634455;1
u25;111.99098535247973;-2.2889136951006663;1
u26;223.62673856207437;-33.55956294928419;1
u27;259.32967571869955;-4.237822070617441;1
u28;198.82559211722943;18.77714581371459;1
v29;-20.41753647141931;4.330632966101521;1
v30;19.650540220364892;15.753026657343858;1
u31;108.1296066334375;-32.31554513819761;1
v32;-11.636765850528898;16.318939141943243;1
u33;110.34556973809606;22.313083546704526;1
u34;205.23683894472939;-55.998686256213716;1
u35;182.926825886683;-0.9130061776500293;1
u36;149.25265843985312;-54.83716372005668;1
u37;229.55052117466758;51.85969693171986;1
u38;172.46845016374766;-18.05110091794487;1
u39;238.2350445143114;21.983068953958377;1
u40;264.8808016340839;79.64132288478292;1
v41;13.716392945764015;-34.6421228943374;1
v42;-26.980244615630085;7.927356137683146;1
v43;-0.4877772270835253;-10.203380323817107;1
v44;143.25390946174133;19.192604034069504;1
v45;-56.514596715919446;63.18750466140797;1
v46;14.642622281403714;64.36863307911698;1
u47;185.73619845931393;-15.66837685491119;1
u48;196.02629675164087;-84.69178786694818;1
v49;-10.062910816294774;-9.467162258233031;1