dep;-52.669329526313604;71.61766240356864;0
u1;196.65521656616116;-4.307647551209226;1
v2;7.998647585166716;41.00639849503786;1
u3;196.8580292355078;-17.550131771503764;1
v4;14.383984328498919;6.215156697807256;1
u5;210.03575357632297;7.7373731980045735;1
u6;244.2908272623375;54.562662618061246;1
v7;-23.403425499514217;-62.0566159389408;1
v8;-32.62389001313389;79.90865301961382;1
u9;192.92868154568106;-5.971867389206427;1
v10;59.72307662294961;16.301897696263673;1
v11;-12.636821333157403;14.049594279331744;1
u12;165.8057239895559;-35.43297883890468;1
u13;135.69157417254593;-7.63506271166936;1
v14;24.27991405488766;36.23944800195991;1
u15;204.10529537178888;-35.38156113340649;1
u16;191.98200209003227;-3.323805587989384;1
v17;17.84045276677844;-23.329045496161488;1
u18;209.74260583067553;78.226986458201;1
v19;-4.141499983075687;-24.419511886513362;1
u20;199.39553330637688;2.130507969949098;1
v21;9.156812350370027;-30.918213395857478;1
v22;27.92809227161518;-18.049182098367652;1
v23;-33.996080893294454;1.5140410411013256;1
u24;211.2793088240247;92.19941360304537;1
v25;-21.619130082076808;5.436188696530259;1
v26;13.92720480125214;40.22074194638032;1
u27;199.2597262434122;-102.7098503786647;1
v28;5.330294207097595;-9.4927015754424;1
v29;45.724701767137645;28.10315907983917;1
v30;-53.263912878886806;-15.6878239918157;1
u31;139.30654158513678;-7.341719546797806;1
v32;-23.397940343887438;8.814332879998936;1
v33;-40.906649312374;41.490578859493816;1
v34;51.690288542429506;100.79419505661484;1
v35;-3.7149513870471327;34.910233036069705;1
v36;-94.80045071301592;8.272635589096465;1
v37;-6.041427116983928;-12.813169330296596;1
u38;185.92165154319048;48.25854128446659;1
v39;19.22706788670683;1.15713216586261;1
u40;207.27341970142655;24.1859875473311;1
v41;68.15410501079371;72.91247286368908;1
v42;-2.3505766086184883;3.6075344802011386;1
u43;211.38431218668313;-2.20034351381212;1
v44;-18.458836415160285;-44.368902036136056;1
u45;174.67986202191366;-40.19243774297586;1
u46;206.98484700749654;-4.780935724811957;1
u47;201.1826436475517;-51.04087695752345;1
u48;187.3569665147079;-23.23472036234051;1
u49;160.27178008075694;-26.845079545967163;1