Deposito;162;354;0
Cliente1;218;382;300
Cliente2;218;358;3100
Cliente3;201;370;125
Cliente4;214;371;100
Cliente5;224;370;200
Cliente6;210;382;150
Cliente7;104;354;150
Cliente8;126;338;450
Cliente9;119;340;300
Cliente10;129;349;100
Cliente11;126;347;950
Cliente12;125;346;125
Cliente13;116;355;150
Cliente14;126;335;150
Cliente15;125;355;550
Cliente16;119;357;150
Cliente17;115;341;100
Cliente18;153;351;150
Cliente19;175;363;400
Cliente20;180;360;300
Cliente21;159;331;1500
Cliente22;188;357;100
Cliente23;152;349;300
Cliente24;215;389;500
Cliente25;212;394;800
Cliente26;188;393;300
Cliente27;207;406;100
Cliente28;184;410;150
Cliente29;207;392;1000