Deposito;292;495;0
Cliente1;298;427;700
Cliente2;309;445;400
Cliente3;307;464;400
Cliente4;336;475;1200
Cliente5;320;439;40
Cliente6;321;437;80
Cliente7;322;437;2000
Cliente8;323;433;900
Cliente9;324;433;600
Cliente10;323;429;750
Cliente11;314;435;1500
Cliente12;311;442;150
Cliente13;304;427;250
Cliente14;293;421;1600
Cliente15;296;418;450
Cliente16;261;384;700
Cliente17;297;410;550
Cliente18;315;407;650
Cliente19;314;406;200
Cliente20;321;391;400
Cliente21;321;398;300
Cliente22;314;394;1300
Cliente23;313;378;700
Cliente24;304;382;750
Cliente25;295;402;1400
Cliente26;283;406;4000
Cliente27;279;399;600
Cliente28;271;401;1000
Cliente29;264;414;500
Cliente30;277;439;2500
Cliente31;290;434;1700
Cliente32;319;433;1100